100,0.022849031313808128,0.022849031313808128
125,0.020600279642421473,0.020600279642421473
140,0.01899949442567556,0.017906859865176
155,0.018007569517184317,0.017906859865176
170,0.016564753539963898,0.015542022321407153
185,0.016031193480928206,0.01506106064103635
200,0.016297699567946935,0.015492420170992352
225,0.01465567402825788,0.01465567402825788
250,0.015288950692831246,0.015039162226553297
275,0.013261092855892147,0.012984313374126609
300,0.012067731472913826,0.011875910912909238
400,0.008558728113763342,0.008449952017161588
500,0.0047735440581481575,0.0047735440581481575
512,0.0046701014756903815,0.0046701014756903815
600,0.004286220329420086,0.004252994772057026
700,0.003997900104470559,0.0038315335046996885
1000,0.0030594158231213504,0.0030073462177498326


