0.375, 0.25, 0.051651, 0, 0.051651
0.375, 0.2525, 0.0548172, 0, 0.0548172
0.375, 0.255, 0.0614166, 0, 0.0614166
0.375, 0.2575, 0.0649261, 0, 0.0649261
0.375, 0.26, 0.0699626, 0, 0.0699626
0.375, 0.2625, 0.0741817, 0, 0.0741817
0.375, 0.265, 0.0794222, 0, 0.0794222
0.375, 0.2675, 0.0839996, 0, 0.0839996
0.375, 0.27, 0.0923851, 0, 0.0923851
0.375, 0.2725, 0.0948066, 0, 0.0948066
0.375, 0.275, 0.101471, 0, 0.101471
0.375, 0.2775, 0.108208, 0, 0.108208
0.375, 0.28, 0.115575, 0, 0.115575
0.375, 0.2825, 0.125961, 0, 0.125961
0.375, 0.285, 0.128401, 0, 0.128401
0.375, 0.2875, 0.13668, 0, 0.13668
0.375, 0.29, 0.144699, 0, 0.144699
0.375, 0.2925, 0.153446, 0, 0.153446
0.375, 0.295, 0.161433, 0, 0.161433
0.375, 0.2975, 0.168227, 0, 0.168227
0.375, 0.3, 0.184416, 0, 0.184416
0.375, 0.3025, 0.190232, 0, 0.190232
0.375, 0.305, 0.197119, 0, 0.197119
0.375, 0.3075, 0.209103, 0, 0.209103
0.375, 0.31, 0.218658, 0, 0.218658
0.375, 0.3125, 0.225983, 0, 0.225983
0.375, 0.315, 0.240784, 0, 0.240784
0.375, 0.3175, 0.251418, 0, 0.251418
0.375, 0.32, 0.262937, 0, 0.262937
0.375, 0.3225, 0.278267, 0, 0.278267
0.375, 0.325, 0.291295, 0, 0.291295
0.375, 0.3275, 0.302233, 0, 0.302233
0.375, 0.33, 0.314545, 0, 0.314545
0.375, 0.3325, 0.324826, 0, 0.324826
0.375, 0.335, 0.340719, 0, 0.340719
0.375, 0.3375, 0.353286, 0, 0.353286
0.375, 0.34, 0.371094, 0, 0.371094
0.375, 0.3425, 0.39093, 0, 0.39093
0.375, 0.345, 0.39541, 0, 0.39541
0.375, 0.3475, 0.416734, 0, 0.416734
0.375, 0.35, 0.431051, 0, 0.431051
0.375, 0.3525, 0.450284, 0, 0.450284
0.375, 0.355, 0.465393, 0, 0.465393
0.375, 0.3575, 0.480603, 0, 0.480603
0.375, 0.36, 0.505835, 0, 0.505835
0.375, 0.3625, 0.519824, 0, 0.519824
0.375, 0.365, 0.534973, 0, 0.534973
0.375, 0.3675, 0.559692, 0, 0.559692
0.375, 0.37, 0.575406, 0, 0.575406
0.375, 0.3725, 0.592271, 0, 0.592271
0.3775, 0.25, 0.0501796, 0, 0.0501796
0.3775, 0.2525, 0.0531493, 0, 0.0531493
0.3775, 0.255, 0.0568455, 0, 0.0568455
0.3775, 0.2575, 0.0614166, 0, 0.0614166
0.3775, 0.26, 0.0657878, 0, 0.0657878
0.3775, 0.2625, 0.0719155, 0, 0.0719155
0.3775, 0.265, 0.0758602, 0, 0.0758602
0.3775, 0.2675, 0.0807542, 0, 0.0807542
0.3775, 0.27, 0.0849717, 0, 0.0849717
0.3775, 0.2725, 0.0907473, 0, 0.0907473
0.3775, 0.275, 0.0968933, 0, 0.0968933
0.3775, 0.2775, 0.101983, 0, 0.101983
0.3775, 0.28, 0.110855, 0, 0.110855
0.3775, 0.2825, 0.115738, 0, 0.115738
0.3775, 0.285, 0.125961, 0, 0.125961
0.3775, 0.2875, 0.130058, 0, 0.130058
0.3775, 0.29, 0.137573, 0, 0.137573
0.3775, 0.2925, 0.146831, 0, 0.146831
0.3775, 0.295, 0.156895, 0, 0.156895
0.3775, 0.2975, 0.165558, 0, 0.165558
0.3775, 0.3, 0.169818, 0, 0.169818
0.3775, 0.3025, 0.184541, 0, 0.184541
0.3775, 0.305, 0.19104, 0, 0.19104
0.3775, 0.3075, 0.200822, 0, 0.200822
0.3775, 0.31, 0.211487, 0, 0.211487
0.3775, 0.3125, 0.221509, 0, 0.221509
0.3775, 0.315, 0.231147, 0, 0.231147
0.3775, 0.3175, 0.240884, 0, 0.240884
0.3775, 0.32, 0.253934, 0, 0.253934
0.3775, 0.3225, 0.267846, 0, 0.267846
0.3775, 0.325, 0.280523, 0, 0.280523
0.3775, 0.3275, 0.296994, 0, 0.296994
0.3775, 0.33, 0.305031, 0, 0.305031
0.3775, 0.3325, 0.317616, 0, 0.317616
0.3775, 0.335, 0.332867, 0, 0.332867
0.3775, 0.3375, 0.349445, 0, 0.349445
0.3775, 0.34, 0.356627, 0, 0.356627
0.3775, 0.3425, 0.377792, 0, 0.377792
0.3775, 0.345, 0.39093, 0, 0.39093
0.3775, 0.3475, 0.401527, 0, 0.401527
0.3775, 0.35, 0.423706, 0, 0.423706
0.3775, 0.3525, 0.438651, 0, 0.438651
0.3775, 0.355, 0.455326, 0, 0.455326
0.3775, 0.3575, 0.465393, 0, 0.465393
0.3775, 0.36, 0.4897, 0, 0.4897
0.3775, 0.3625, 0.511169, 0, 0.511169
0.3775, 0.365, 0.525288, 0, 0.525288
0.3775, 0.3675, 0.539453, 0, 0.539453
0.3775, 0.37, 0.559692, 0, 0.559692
0.3775, 0.3725, 0.585136, 0, 0.585136
0.38, 0.25, 0.0465572, 0, 0.0465572
0.38, 0.2525, 0.051651, 0, 0.051651
0.38, 0.255, 0.0548172, 0, 0.0548172
0.38, 0.2575, 0.0579944, 0, 0.0579944
0.38, 0.26, 0.0625031, 0, 0.0625031
0.38, 0.2625, 0.0682607, 0, 0.0682607
0.38, 0.265, 0.0720282, 0, 0.0720282
0.38, 0.2675, 0.0763428, 0, 0.0763428
0.38, 0.27, 0.0839996, 0, 0.0839996
0.38, 0.2725, 0.0877959, 0, 0.0877959
0.38, 0.275, 0.0952398, 0, 0.0952398
0.38, 0.2775, 0.100027, 0, 0.100027
0.38, 0.28, 0.106125, 0, 0.106125
0.38, 0.2825, 0.112192, 0, 0.112192
0.38, 0.285, 0.12066, 0, 0.12066
0.38, 0.2875, 0.128011, 0, 0.128011
0.38, 0.29, 0.135513, 0, 0.135513
0.38, 0.2925, 0.142136, 0, 0.142136
0.38, 0.295, 0.149111, 0, 0.149111
0.38, 0.2975, 0.158309, 0, 0.158309
0.38, 0.3, 0.167445, 0, 0.167445
0.38, 0.3025, 0.172117, 0, 0.172117
0.38, 0.305, 0.187204, 0, 0.187204
0.38, 0.3075, 0.191973, 0, 0.191973
0.38, 0.31, 0.204198, 0, 0.204198
0.38, 0.3125, 0.211568, 0, 0.211568
0.38, 0.315, 0.225983, 0, 0.225983
0.38, 0.3175, 0.235047, 0, 0.235047
0.38, 0.32, 0.248061, 0, 0.248061
0.38, 0.3225, 0.256839, 0, 0.256839
0.38, 0.325, 0.271992, 0, 0.271992
0.38, 0.3275, 0.287107, 0, 0.287107
0.38, 0.33, 0.297677, 0, 0.297677
0.38, 0.3325, 0.307888, 0, 0.307888
0.38, 0.335, 0.322488, 0, 0.322488
0.38, 0.3375, 0.333252, 0, 0.333252
0.38, 0.34, 0.35102, 0, 0.35102
0.38, 0.3425, 0.364336, 0, 0.364336
0.38, 0.345, 0.380859, 0, 0.380859
0.38, 0.3475, 0.39859, 0, 0.39859
0.38, 0.35, 0.40622, 0, 0.40622
0.38, 0.3525, 0.42881, 0, 0.42881
0.38, 0.355, 0.444242, 0, 0.444242
0.38, 0.3575, 0.454357, 0, 0.454357
0.38, 0.36, 0.48237, 0, 0.48237
0.38, 0.3625, 0.496784, 0, 0.496784
0.38, 0.365, 0.511169, 0, 0.511169
0.38, 0.3675, 0.53083, 0, 0.53083
0.38, 0.37, 0.543467, 0, 0.543467
0.38, 0.3725, 0.565801, 0, 0.565801
0.3825, 0.25, 0.045195, 0, 0.045195
0.3825, 0.2525, 0.0477447, 0, 0.0477447
0.3825, 0.255, 0.051651, 0, 0.051651
0.3825, 0.2575, 0.0548172, 0, 0.0548172
0.3825, 0.26, 0.0611874, 0, 0.0611874
0.3825, 0.2625, 0.0649261, 0, 0.0649261
0.3825, 0.265, 0.0715038, 0, 0.0715038
0.3825, 0.2675, 0.0738969, 0, 0.0738969
0.3825, 0.27, 0.0785203, 0, 0.0785203
0.3825, 0.2725, 0.0839996, 0, 0.0839996
0.3825, 0.275, 0.0918522, 0, 0.0918522
0.3825, 0.2775, 0.0939807, 0, 0.0939807
0.3825, 0.28, 0.101471, 0, 0.101471
0.3825, 0.2825, 0.106969, 0, 0.106969
0.3825, 0.285, 0.114308, 0, 0.114308
0.3825, 0.2875, 0.125961, 0, 0.125961
0.3825, 0.29, 0.128522, 0, 0.128522
0.3825, 0.2925, 0.136642, 0, 0.136642
0.3825, 0.295, 0.14257, 0, 0.14257
0.3825, 0.2975, 0.151551, 0, 0.151551
0.3825, 0.3, 0.159454, 0, 0.159454
0.3825, 0.3025, 0.170275, 0, 0.170275
0.3825, 0.305, 0.178145, 0, 0.178145
0.3825, 0.3075, 0.187074, 0, 0.187074
0.3825, 0.31, 0.194032, 0, 0.194032
0.3825, 0.3125, 0.208943, 0, 0.208943
0.3825, 0.315, 0.217125, 0, 0.217125
0.3825, 0.3175, 0.225983, 0, 0.225983
0.3825, 0.32, 0.239289, 0, 0.239289
0.3825, 0.3225, 0.253379, 0, 0.253379
0.3825, 0.325, 0.258075, 0, 0.258075
0.3825, 0.3275, 0.275504, 0, 0.275504
0.3825, 0.33, 0.289001, 0, 0.289001
0.3825, 0.3325, 0.300972, 0, 0.300972
0.3825, 0.335, 0.310907, 0, 0.310907
0.3825, 0.3375, 0.324097, 0, 0.324097
0.3825, 0.34, 0.333865, 0, 0.333865
0.3825, 0.3425, 0.352399, 0, 0.352399
0.3825, 0.345, 0.371094, 0, 0.371094
0.3825, 0.3475, 0.384713, 0, 0.384713
0.3825, 0.35, 0.398071, 0, 0.398071
0.3825, 0.3525, 0.410708, 0, 0.410708
0.3825, 0.355, 0.430372, 0, 0.430372
0.3825, 0.3575, 0.446039, 0, 0.446039
0.3825, 0.36, 0.459244, 0, 0.459244
0.3825, 0.3625, 0.480273, 0, 0.480273
0.3825, 0.365, 0.498658, 0, 0.498658
0.3825, 0.3675, 0.511169, 0, 0.511169
0.3825, 0.37, 0.534973, 0, 0.534973
0.3825, 0.3725, 0.550781, 0, 0.550781
0.385, 0.25, 0.0411712, 0, 0.0411712
0.385, 0.2525, 0.0456619, 0, 0.0456619
0.385, 0.255, 0.0501004, 0, 0.0501004
0.385, 0.2575, 0.0517413, 0, 0.0517413
0.385, 0.26, 0.0559853, 0, 0.0559853
0.385, 0.2625, 0.0614166, 0, 0.0614166
0.385, 0.265, 0.0666712, 0, 0.0666712
0.385, 0.2675, 0.0718724, 0, 0.0718724
0.385, 0.27, 0.0760269, 0, 0.0760269
0.385, 0.2725, 0.0800244, 0, 0.0800244
0.385, 0.275, 0.0856388, 0, 0.0856388
0.385, 0.2775, 0.0885001, 0, 0.0885001
0.385, 0.28, 0.0968933, 0, 0.0968933
0.385, 0.2825, 0.103363, 0, 0.103363
0.385, 0.285, 0.110855, 0, 0.110855
0.385, 0.2875, 0.115738, 0, 0.115738
0.385, 0.29, 0.12511, 0, 0.12511
0.385, 0.2925, 0.128218, 0, 0.128218
0.385, 0.295, 0.136642, 0, 0.136642
0.385, 0.2975, 0.144089, 0, 0.144089
0.385, 0.3, 0.156831, 0, 0.156831
0.385, 0.3025, 0.165013, 0, 0.165013
0.385, 0.305, 0.169693, 0, 0.169693
0.385, 0.3075, 0.182916, 0, 0.182916
0.385, 0.31, 0.190681, 0, 0.190681
0.385, 0.3125, 0.199498, 0, 0.199498
0.385, 0.315, 0.211487, 0, 0.211487
0.385, 0.3175, 0.218341, 0, 0.218341
0.385, 0.32, 0.227297, 0, 0.227297
0.385, 0.3225, 0.240784, 0, 0.240784
0.385, 0.325, 0.255602, 0, 0.255602
0.385, 0.3275, 0.26454, 0, 0.26454
0.385, 0.33, 0.278562, 0, 0.278562
0.385, 0.3325, 0.291835, 0, 0.291835
0.385, 0.335, 0.301435, 0, 0.301435
0.385, 0.3375, 0.315443, 0, 0.315443
0.385, 0.34, 0.326993, 0, 0.326993
0.385, 0.3425, 0.343218, 0, 0.343218
0.385, 0.345, 0.353897, 0, 0.353897
0.385, 0.3475, 0.371141, 0, 0.371141
0.385, 0.35, 0.39093, 0, 0.39093
0.385, 0.3525, 0.399061, 0, 0.399061
0.385, 0.355, 0.417985, 0, 0.417985
0.385, 0.3575, 0.432337, 0, 0.432337
0.385, 0.36, 0.454102, 0, 0.454102
0.385, 0.3625, 0.465393, 0, 0.465393
0.385, 0.365, 0.481171, 0, 0.481171
0.385, 0.3675, 0.506223, 0, 0.506223
0.385, 0.37, 0.520028, 0, 0.520028
0.385, 0.3725, 0.534973, 0, 0.534973
0.3875, 0.25, 0.0401425, 0, 0.0401425
0.3875, 0.2525, 0.0437514, 0, 0.0437514
0.3875, 0.255, 0.0481114, 0, 0.0481114
0.3875, 0.2575, 0.051651, 0, 0.051651
0.3875, 0.26, 0.0548172, 0, 0.0548172
0.3875, 0.2625, 0.0574545, 0, 0.0574545
0.3875, 0.265, 0.0620954, 0, 0.0620954
0.3875, 0.2675, 0.0684015, 0, 0.0684015
0.3875, 0.27, 0.0722122, 0, 0.0722122
0.3875, 0.2725, 0.0774852, 0, 0.0774852
0.3875, 0.275, 0.0839996, 0, 0.0839996
0.3875, 0.2775, 0.0881958, 0, 0.0881958
0.3875, 0.28, 0.095589, 0, 0.095589
0.3875, 0.2825, 0.0988283, 0, 0.0988283
0.3875, 0.285, 0.10593, 0, 0.10593
0.3875, 0.2875, 0.110914, 0, 0.110914
0.3875, 0.29, 0.119051, 0, 0.119051
0.3875, 0.2925, 0.126126, 0, 0.126126
0.3875, 0.295, 0.133581, 0, 0.133581
0.3875, 0.2975, 0.14109, 0, 0.14109
0.3875, 0.3, 0.147781, 0, 0.147781
0.3875, 0.3025, 0.159454, 0, 0.159454
0.3875, 0.305, 0.165558, 0, 0.165558
0.3875, 0.3075, 0.1747, 0, 0.1747
0.3875, 0.31, 0.187397, 0, 0.187397
0.3875, 0.3125, 0.19104, 0, 0.19104
0.3875, 0.315, 0.20462, 0, 0.20462
0.3875, 0.3175, 0.212805, 0, 0.212805
0.3875, 0.32, 0.224529, 0, 0.224529
0.3875, 0.3225, 0.233819, 0, 0.233819
0.3875, 0.325, 0.243733, 0, 0.243733
0.3875, 0.3275, 0.256752, 0, 0.256752
0.3875, 0.33, 0.269917, 0, 0.269917
0.3875, 0.3325, 0.279428, 0, 0.279428
0.3875, 0.335, 0.294796, 0, 0.294796
0.3875, 0.3375, 0.304276, 0, 0.304276
0.3875, 0.34, 0.322704, 0, 0.322704
0.3875, 0.3425, 0.333348, 0, 0.333348
0.3875, 0.345, 0.350658, 0, 0.350658
0.3875, 0.3475, 0.35909, 0, 0.35909
0.3875, 0.35, 0.379333, 0, 0.379333
0.3875, 0.3525, 0.391478, 0, 0.391478
0.3875, 0.355, 0.403162, 0, 0.403162
0.3875, 0.3575, 0.426371, 0, 0.426371
0.3875, 0.36, 0.43899, 0, 0.43899
0.3875, 0.3625, 0.454102, 0, 0.454102
0.3875, 0.365, 0.465755, 0, 0.465755
0.3875, 0.3675, 0.489153, 0, 0.489153
0.3875, 0.37, 0.511169, 0, 0.511169
0.3875, 0.3725, 0.527716, 0, 0.527716
0.39, 0.25, 0.0368481, 0, 0.0368481
0.39, 0.2525, 0.0410739, 0, 0.0410739
0.39, 0.255, 0.0455382, 0, 0.0455382
0.39, 0.2575, 0.0485992, 0, 0.0485992
0.39, 0.26, 0.051651, 0, 0.051651
0.39, 0.2625, 0.0548172, 0, 0.0548172
0.39, 0.265, 0.0607974, 0, 0.0607974
0.39, 0.2675, 0.0649261, 0, 0.0649261
0.39, 0.27, 0.0704377, 0, 0.0704377
0.39, 0.2725, 0.0732085, 0, 0.0732085
0.39, 0.275, 0.0774374, 0, 0.0774374
0.39, 0.2775, 0.083867, 0, 0.083867
0.39, 0.28, 0.0908185, 0, 0.0908185
0.39, 0.2825, 0.0948132, 0, 0.0948132
0.39, 0.285, 0.101471, 0, 0.101471
0.39, 0.2875, 0.106125, 0, 0.106125
0.39, 0.29, 0.112821, 0, 0.112821
0.39, 0.2925, 0.122921, 0, 0.122921
0.39, 0.295, 0.127965, 0, 0.127965
0.39, 0.2975, 0.136642, 0, 0.136642
0.39, 0.3, 0.142124, 0, 0.142124
0.39, 0.3025, 0.14868, 0, 0.14868
0.39, 0.305, 0.159454, 0, 0.159454
0.39, 0.3075, 0.170709, 0, 0.170709
0.39, 0.31, 0.173012, 0, 0.173012
0.39, 0.3125, 0.18776, 0, 0.18776
0.39, 0.315, 0.19104, 0, 0.19104
0.39, 0.3175, 0.205469, 0, 0.205469
0.39, 0.32, 0.215126, 0, 0.215126
0.39, 0.3225, 0.225983, 0, 0.225983
0.39, 0.325, 0.240068, 0, 0.240068
0.39, 0.3275, 0.250567, 0, 0.250567
0.39, 0.33, 0.257236, 0, 0.257236
0.39, 0.3325, 0.271738, 0, 0.271738
0.39, 0.335, 0.289001, 0, 0.289001
0.39, 0.3375, 0.299603, 0, 0.299603
0.39, 0.34, 0.306714, 0, 0.306714
0.39, 0.3425, 0.323984, 0, 0.323984
0.39, 0.345, 0.335165, 0, 0.335165
0.39, 0.3475, 0.35273, 0, 0.35273
0.39, 0.35, 0.365877, 0, 0.365877
0.39, 0.3525, 0.380859, 0, 0.380859
0.39, 0.355, 0.399804, 0, 0.399804
0.39, 0.3575, 0.410849, 0, 0.410849
0.39, 0.36, 0.431791, 0, 0.431791
0.39, 0.3625, 0.442126, 0, 0.442126
0.39, 0.365, 0.456643, 0, 0.456643
0.39, 0.3675, 0.479419, 0, 0.479419
0.39, 0.37, 0.492464, 0, 0.492464
0.39, 0.3725, 0.511169, 0, 0.511169
0.3925, 0.25, 0.0361867, 0, 0.0361867
0.3925, 0.2525, 0.0396311, 0, 0.0396311
0.3925, 0.255, 0.041101, 0, 0.041101
0.3925, 0.2575, 0.0456342, 0, 0.0456342
0.3925, 0.26, 0.0498816, 0, 0.0498816
0.3925, 0.2625, 0.051651, 0, 0.051651
0.3925, 0.265, 0.0550274, 0, 0.0550274
0.3925, 0.2675, 0.0614166, 0, 0.0614166
0.3925, 0.27, 0.0658995, 0, 0.0658995
0.3925, 0.2725, 0.0700631, 0, 0.0700631
0.3925, 0.275, 0.0760269, 0, 0.0760269
0.3925, 0.2775, 0.079192, 0, 0.079192
0.3925, 0.28, 0.0858902, 0, 0.0858902
0.3925, 0.2825, 0.0896187, 0, 0.0896187
0.3925, 0.285, 0.0968933, 0, 0.0968933
0.3925, 0.2875, 0.103687, 0, 0.103687
0.3925, 0.29, 0.110392, 0, 0.110392
0.3925, 0.2925, 0.115738, 0, 0.115738
0.3925, 0.295, 0.122867, 0, 0.122867
0.3925, 0.2975, 0.126245, 0, 0.126245
0.3925, 0.3, 0.136667, 0, 0.136667
0.3925, 0.3025, 0.142136, 0, 0.142136
0.3925, 0.305, 0.154319, 0, 0.154319
0.3925, 0.3075, 0.1623, 0, 0.1623
0.3925, 0.31, 0.170701, 0, 0.170701
0.3925, 0.3125, 0.178887, 0, 0.178887
0.3925, 0.315, 0.187351, 0, 0.187351
0.3925, 0.3175, 0.196046, 0, 0.196046
0.3925, 0.32, 0.211487, 0, 0.211487
0.3925, 0.3225, 0.215205, 0, 0.215205
0.3925, 0.325, 0.225983, 0, 0.225983
0.3925, 0.3275, 0.240784, 0, 0.240784
0.3925, 0.33, 0.254746, 0, 0.254746
0.3925, 0.3325, 0.259795, 0, 0.259795
0.3925, 0.335, 0.274751, 0, 0.274751
0.3925, 0.3375, 0.289001, 0, 0.289001
0.3925, 0.34, 0.304122, 0, 0.304122
0.3925, 0.3425, 0.31019, 0, 0.31019
0.3925, 0.345, 0.325369, 0, 0.325369
0.3925, 0.3475, 0.333684, 0, 0.333684
0.3925, 0.35, 0.356737, 0, 0.356737
0.3925, 0.3525, 0.371094, 0, 0.371094
0.3925, 0.355, 0.385927, 0, 0.385927
0.3925, 0.3575, 0.40061, 0, 0.40061
0.3925, 0.36, 0.411377, 0, 0.411377
0.3925, 0.3625, 0.432434, 0, 0.432434
0.3925, 0.365, 0.446237, 0, 0.446237
0.3925, 0.3675, 0.46211, 0, 0.46211
0.3925, 0.37, 0.478405, 0, 0.478405
0.3925, 0.3725, 0.49767, 0, 0.49767
0.395, 0.25, 0.0328668, 0, 0.0328668
0.395, 0.2525, 0.0370315, 0, 0.0370315
0.395, 0.255, 0.0401306, 0, 0.0401306
0.395, 0.2575, 0.0441622, 0, 0.0441622
0.395, 0.26, 0.0485992, 0, 0.0485992
0.395, 0.2625, 0.051651, 0, 0.051651
0.395, 0.265, 0.0548172, 0, 0.0548172
0.395, 0.2675, 0.0567502, 0, 0.0567502
0.395, 0.27, 0.0615362, 0, 0.0615362
0.395, 0.2725, 0.0674819, 0, 0.0674819
0.395, 0.275, 0.0721107, 0, 0.0721107
0.395, 0.2775, 0.0775834, 0, 0.0775834
0.395, 0.28, 0.0834259, 0, 0.0834259
0.395, 0.2825, 0.0881958, 0, 0.0881958
0.395, 0.285, 0.0920738, 0, 0.0920738
0.395, 0.2875, 0.0974518, 0, 0.0974518
0.395, 0.29, 0.106125, 0, 0.106125
0.395, 0.2925, 0.110855, 0, 0.110855
0.395, 0.295, 0.117254, 0, 0.117254
0.395, 0.2975, 0.124608, 0, 0.124608
0.395, 0.3, 0.131453, 0, 0.131453
0.395, 0.3025, 0.139072, 0, 0.139072
0.395, 0.305, 0.146359, 0, 0.146359
0.395, 0.3075, 0.159454, 0, 0.159454
0.395, 0.31, 0.165558, 0, 0.165558
0.395, 0.3125, 0.17639, 0, 0.17639
0.395, 0.315, 0.1848, 0, 0.1848
0.395, 0.3175, 0.19104, 0, 0.19104
0.395, 0.32, 0.20234, 0, 0.20234
0.395, 0.3225, 0.211487, 0, 0.211487
0.395, 0.325, 0.220456, 0, 0.220456
0.395, 0.3275, 0.229813, 0, 0.229813
0.395, 0.33, 0.242317, 0, 0.242317
0.395, 0.3325, 0.256535, 0, 0.256535
0.395, 0.335, 0.265341, 0, 0.265341
0.395, 0.3375, 0.27448, 0, 0.27448
0.395, 0.34, 0.289665, 0, 0.289665
0.395, 0.3425, 0.298405, 0, 0.298405
0.395, 0.345, 0.316885, 0, 0.316885
0.395, 0.3475, 0.33031, 0, 0.33031
0.395, 0.35, 0.343013, 0, 0.343013
0.395, 0.3525, 0.358118, 0, 0.358118
0.395, 0.355, 0.372318, 0, 0.372318
0.395, 0.3575, 0.39093, 0, 0.39093
0.395, 0.36, 0.401445, 0, 0.401445
0.395, 0.3625, 0.41709, 0, 0.41709
0.395, 0.365, 0.432434, 0, 0.432434
0.395, 0.3675, 0.454102, 0, 0.454102
0.395, 0.37, 0.465393, 0, 0.465393
0.395, 0.3725, 0.481183, 0, 0.481183
0.3975, 0.25, 0.0322031, 0, 0.0322031
0.3975, 0.2525, 0.0350591, 0, 0.0350591
0.3975, 0.255, 0.0373323, 0, 0.0373323
0.3975, 0.2575, 0.0401658, 0, 0.0401658
0.3975, 0.26, 0.0446752, 0, 0.0446752
0.3975, 0.2625, 0.0485992, 0, 0.0485992
0.3975, 0.265, 0.051651, 0, 0.051651
0.3975, 0.2675, 0.0548727, 0, 0.0548727
0.3975, 0.27, 0.0602624, 0, 0.0602624
0.3975, 0.2725, 0.0649261, 0, 0.0649261
0.3975, 0.275, 0.0689098, 0, 0.0689098
0.3975, 0.2775, 0.0725406, 0, 0.0725406
0.3975, 0.28, 0.0780255, 0, 0.0780255
0.3975, 0.2825, 0.0821284, 0, 0.0821284
0.3975, 0.285, 0.0896162, 0, 0.0896162
0.3975, 0.2875, 0.0956586, 0, 0.0956586
0.3975, 0.29, 0.101471, 0, 0.101471
0.3975, 0.2925, 0.106125, 0, 0.106125
0.3975, 0.295, 0.113544, 0, 0.113544
0.3975, 0.2975, 0.121075, 0, 0.121075
0.3975, 0.3, 0.125943, 0, 0.125943
0.3975, 0.3025, 0.136642, 0, 0.136642
0.3975, 0.305, 0.140708, 0, 0.140708
0.3975, 0.3075, 0.147781, 0, 0.147781
0.3975, 0.31, 0.159454, 0, 0.159454
0.3975, 0.3125, 0.167793, 0, 0.167793
0.3975, 0.315, 0.174493, 0, 0.174493
0.3975, 0.3175, 0.188594, 0, 0.188594
0.3975, 0.32, 0.19104, 0, 0.19104
0.3975, 0.3225, 0.20462, 0, 0.20462
0.3975, 0.325, 0.217112, 0, 0.217112
0.3975, 0.3275, 0.225983, 0, 0.225983
0.3975, 0.33, 0.236414, 0, 0.236414
0.3975, 0.3325, 0.247106, 0, 0.247106
0.3975, 0.335, 0.260661, 0, 0.260661
0.3975, 0.3375, 0.267462, 0, 0.267462
0.3975, 0.34, 0.279926, 0, 0.279926
0.3975, 0.3425, 0.29484, 0, 0.29484
0.3975, 0.345, 0.305508, 0, 0.305508
0.3975, 0.3475, 0.321133, 0, 0.321133
0.3975, 0.35, 0.334817, 0, 0.334817
0.3975, 0.3525, 0.34901, 0, 0.34901
0.3975, 0.355, 0.36086, 0, 0.36086
0.3975, 0.3575, 0.380334, 0, 0.380334
0.3975, 0.36, 0.392331, 0, 0.392331
0.3975, 0.3625, 0.405911, 0, 0.405911
0.3975, 0.365, 0.423483, 0, 0.423483
0.3975, 0.3675, 0.436335, 0, 0.436335
0.3975, 0.37, 0.454102, 0, 0.454102
0.3975, 0.3725, 0.465687, 0, 0.465687
0.4, 0.25, 0.0302505, 0, 0.0302505
0.4, 0.2525, 0.0341974, 0, 0.0341974
0.4, 0.255, 0.0371742, 0, 0.0371742
0.4, 0.2575, 0.0395609, 0, 0.0395609
0.4, 0.26, 0.0415822, 0, 0.0415822
0.4, 0.2625, 0.0453232, 0, 0.0453232
0.4, 0.265, 0.0495271, 0, 0.0495271
0.4, 0.2675, 0.0518984, 0, 0.0518984
0.4, 0.27, 0.0559231, 0, 0.0559231
0.4, 0.2725, 0.0614166, 0, 0.0614166
0.4, 0.275, 0.0650641, 0, 0.0650641
0.4, 0.2775, 0.068512, 0, 0.068512
0.4, 0.28, 0.0750652, 0, 0.0750652
0.4, 0.2825, 0.0790537, 0, 0.0790537
0.4, 0.285, 0.0867963, 0, 0.0867963
0.4, 0.2875, 0.0909035, 0, 0.0909035
0.4, 0.29, 0.0967189, 0, 0.0967189
0.4, 0.2925, 0.102223, 0, 0.102223
0.4, 0.295, 0.108705, 0, 0.108705
0.4, 0.2975, 0.115662, 0, 0.115662
0.4, 0.3, 0.120789, 0, 0.120789
0.4, 0.3025, 0.126683, 0, 0.126683
0.4, 0.305, 0.136642, 0, 0.136642
0.4, 0.3075, 0.142136, 0, 0.142136
0.4, 0.31, 0.151634, 0, 0.151634
0.4, 0.3125, 0.159454, 0, 0.159454
0.4, 0.315, 0.17089, 0, 0.17089
0.4, 0.3175, 0.176495, 0, 0.176495
0.4, 0.32, 0.184739, 0, 0.184739
0.4, 0.3225, 0.192414, 0, 0.192414
0.4, 0.325, 0.207983, 0, 0.207983
0.4, 0.3275, 0.213454, 0, 0.213454
0.4, 0.33, 0.225983, 0, 0.225983
0.4, 0.3325, 0.240784, 0, 0.240784
0.4, 0.335, 0.25038, 0, 0.25038
0.4, 0.3375, 0.25749, 0, 0.25749
0.4, 0.34, 0.272408, 0, 0.272408
0.4, 0.3425, 0.288857, 0, 0.288857
0.4, 0.345, 0.301061, 0, 0.301061
0.4, 0.3475, 0.308591, 0, 0.308591
0.4, 0.35, 0.323882, 0, 0.323882
0.4, 0.3525, 0.338303, 0, 0.338303
0.4, 0.355, 0.354679, 0, 0.354679
0.4, 0.3575, 0.366878, 0, 0.366878
0.4, 0.36, 0.380859, 0, 0.380859
0.4, 0.3625, 0.400481, 0, 0.400481
0.4, 0.365, 0.411377, 0, 0.411377
0.4, 0.3675, 0.42887, 0, 0.42887
0.4, 0.37, 0.439924, 0, 0.439924
0.4, 0.3725, 0.459424, 0, 0.459424
0.4025, 0.25, 0.028019, 0, 0.028019
0.4025, 0.2525, 0.0305463, 0, 0.0305463
0.4025, 0.255, 0.0329296, 0, 0.0329296
0.4025, 0.2575, 0.0374985, 0, 0.0374985
0.4025, 0.26, 0.0401306, 0, 0.0401306
0.4025, 0.2625, 0.0433138, 0, 0.0433138
0.4025, 0.265, 0.0483823, 0, 0.0483823
0.4025, 0.2675, 0.0513516, 0, 0.0513516
0.4025, 0.27, 0.0546095, 0, 0.0546095
0.4025, 0.2725, 0.0572058, 0, 0.0572058
0.4025, 0.275, 0.0614166, 0, 0.0614166
0.4025, 0.2775, 0.0658917, 0, 0.0658917
0.4025, 0.28, 0.0711927, 0, 0.0711927
0.4025, 0.2825, 0.0763275, 0, 0.0763275
0.4025, 0.285, 0.082288, 0, 0.082288
0.4025, 0.2875, 0.0881935, 0, 0.0881935
0.4025, 0.29, 0.090308, 0, 0.090308
0.4025, 0.2925, 0.0968933, 0, 0.0968933
0.4025, 0.295, 0.106125, 0, 0.106125
0.4025, 0.2975, 0.110855, 0, 0.110855
0.4025, 0.3, 0.115786, 0, 0.115786
0.4025, 0.3025, 0.12267, 0, 0.12267
0.4025, 0.305, 0.130033, 0, 0.130033
0.4025, 0.3075, 0.139838, 0, 0.139838
0.4025, 0.31, 0.143754, 0, 0.143754
0.4025, 0.3125, 0.157166, 0, 0.157166
0.4025, 0.315, 0.165108, 0, 0.165108
0.4025, 0.3175, 0.173162, 0, 0.173162
0.4025, 0.32, 0.181494, 0, 0.181494
0.4025, 0.3225, 0.189904, 0, 0.189904
0.4025, 0.325, 0.198521, 0, 0.198521
0.4025, 0.3275, 0.211161, 0, 0.211161
0.4025, 0.33, 0.218025, 0, 0.218025
0.4025, 0.3325, 0.225983, 0, 0.225983
0.4025, 0.335, 0.241595, 0, 0.241595
0.4025, 0.3375, 0.25304, 0, 0.25304
0.4025, 0.34, 0.261673, 0, 0.261673
0.4025, 0.3425, 0.272369, 0, 0.272369
0.4025, 0.345, 0.287698, 0, 0.287698
0.4025, 0.3475, 0.302222, 0, 0.302222
0.4025, 0.35, 0.313153, 0, 0.313153
0.4025, 0.3525, 0.328858, 0, 0.328858
0.4025, 0.355, 0.333313, 0, 0.333313
0.4025, 0.3575, 0.360805, 0, 0.360805
0.4025, 0.36, 0.371094, 0, 0.371094
0.4025, 0.3625, 0.385352, 0, 0.385352
0.4025, 0.365, 0.401001, 0, 0.401001
0.4025, 0.3675, 0.411377, 0, 0.411377
0.4025, 0.37, 0.432434, 0, 0.432434
0.4025, 0.3725, 0.446249, 0, 0.446249
0.405, 0.25, 0.0264334, 0, 0.0264334
0.405, 0.2525, 0.0289004, 0, 0.0289004
0.405, 0.255, 0.0315363, 0, 0.0315363
0.405, 0.2575, 0.0349933, 0, 0.0349933
0.405, 0.26, 0.0379868, 0, 0.0379868
0.405, 0.2625, 0.0402041, 0, 0.0402041
0.405, 0.265, 0.0432572, 0, 0.0432572
0.405, 0.2675, 0.0485992, 0, 0.0485992
0.405, 0.27, 0.051154, 0, 0.051154
0.405, 0.2725, 0.0548172, 0, 0.0548172
0.405, 0.275, 0.0595868, 0, 0.0595868
0.405, 0.2775, 0.0645954, 0, 0.0645954
0.405, 0.28, 0.0678539, 0, 0.0678539
0.405, 0.2825, 0.0737186, 0, 0.0737186
0.405, 0.285, 0.077443, 0, 0.077443
0.405, 0.2875, 0.0816482, 0, 0.0816482
0.405, 0.29, 0.0882503, 0, 0.0882503
0.405, 0.2925, 0.0935727, 0, 0.0935727
0.405, 0.295, 0.100508, 0, 0.100508
0.405, 0.2975, 0.106125, 0, 0.106125
0.405, 0.3, 0.113445, 0, 0.113445
0.405, 0.3025, 0.120329, 0, 0.120329
0.405, 0.305, 0.124327, 0, 0.124327
0.405, 0.3075, 0.13435, 0, 0.13435
0.405, 0.31, 0.138029, 0, 0.138029
0.405, 0.3125, 0.147781, 0, 0.147781
0.405, 0.315, 0.159454, 0, 0.159454
0.405, 0.3175, 0.165558, 0, 0.165558
0.405, 0.32, 0.177618, 0, 0.177618
0.405, 0.3225, 0.185281, 0, 0.185281
0.405, 0.325, 0.19104, 0, 0.19104
0.405, 0.3275, 0.20462, 0, 0.20462
0.405, 0.33, 0.213006, 0, 0.213006
0.405, 0.3325, 0.224038, 0, 0.224038
0.405, 0.335, 0.231852, 0, 0.231852
0.405, 0.3375, 0.246673, 0, 0.246673
0.405, 0.34, 0.25845, 0, 0.25845
0.405, 0.3425, 0.264282, 0, 0.264282
0.405, 0.345, 0.27371, 0, 0.27371
0.405, 0.3475, 0.292015, 0, 0.292015
0.405, 0.35, 0.302861, 0, 0.302861
0.405, 0.3525, 0.316213, 0, 0.316213
0.405, 0.355, 0.332559, 0, 0.332559
0.405, 0.3575, 0.341116, 0, 0.341116
0.405, 0.36, 0.36055, 0, 0.36055
0.405, 0.3625, 0.372975, 0, 0.372975
0.405, 0.365, 0.388719, 0, 0.388719
0.405, 0.3675, 0.403748, 0, 0.403748
0.405, 0.37, 0.414307, 0, 0.414307
0.405, 0.3725, 0.432434, 0, 0.432434
0.4075, 0.25, 0.0238903, 0, 0.0238903
0.4075, 0.2525, 0.0274664, 0, 0.0274664
0.4075, 0.255, 0.0302505, 0, 0.0302505
0.4075, 0.2575, 0.0339367, 0, 0.0339367
0.4075, 0.26, 0.036753, 0, 0.036753
0.4075, 0.2625, 0.0397822, 0, 0.0397822
0.4075, 0.265, 0.0425062, 0, 0.0425062
0.4075, 0.2675, 0.0448035, 0, 0.0448035
0.4075, 0.27, 0.0488902, 0, 0.0488902
0.4075, 0.2725, 0.0527838, 0, 0.0527838
0.4075, 0.275, 0.0574674, 0, 0.0574674
0.4075, 0.2775, 0.0613268, 0, 0.0613268
0.4075, 0.28, 0.0649261, 0, 0.0649261
0.4075, 0.2825, 0.068512, 0, 0.068512
0.4075, 0.285, 0.0735521, 0, 0.0735521
0.4075, 0.2875, 0.079813, 0, 0.079813
0.4075, 0.29, 0.0854387, 0, 0.0854387
0.4075, 0.2925, 0.092395, 0, 0.092395
0.4075, 0.295, 0.0953406, 0, 0.0953406
0.4075, 0.2975, 0.101471, 0, 0.101471
0.4075, 0.3, 0.106889, 0, 0.106889
0.4075, 0.3025, 0.115738, 0, 0.115738
0.4075, 0.305, 0.120773, 0, 0.120773
0.4075, 0.3075, 0.126599, 0, 0.126599
0.4075, 0.31, 0.136642, 0, 0.136642
0.4075, 0.3125, 0.141343, 0, 0.141343
0.4075, 0.315, 0.149643, 0, 0.149643
0.4075, 0.3175, 0.159454, 0, 0.159454
0.4075, 0.32, 0.167703, 0, 0.167703
0.4075, 0.3225, 0.176449, 0, 0.176449
0.4075, 0.325, 0.184884, 0, 0.184884
0.4075, 0.3275, 0.191562, 0, 0.191562
0.4075, 0.33, 0.20462, 0, 0.20462
0.4075, 0.3325, 0.215472, 0, 0.215472
0.4075, 0.335, 0.225983, 0, 0.225983
0.4075, 0.3375, 0.238337, 0, 0.238337
0.4075, 0.34, 0.248502, 0, 0.248502
0.4075, 0.3425, 0.262747, 0, 0.262747
0.4075, 0.345, 0.267362, 0, 0.267362
0.4075, 0.3475, 0.283608, 0, 0.283608
0.4075, 0.35, 0.296803, 0, 0.296803
0.4075, 0.3525, 0.306424, 0, 0.306424
0.4075, 0.355, 0.318472, 0, 0.318472
0.4075, 0.3575, 0.337011, 0, 0.337011
0.4075, 0.36, 0.348144, 0, 0.348144
0.4075, 0.3625, 0.360946, 0, 0.360946
0.4075, 0.365, 0.380824, 0, 0.380824
0.4075, 0.3675, 0.392668, 0, 0.392668
0.4075, 0.37, 0.40871, 0, 0.40871
0.4075, 0.3725, 0.419466, 0, 0.419466
0.41, 0.25, 0.02388, 0, 0.02388
0.41, 0.2525, 0.0259018, 0, 0.0259018
0.41, 0.255, 0.028019, 0, 0.028019
0.41, 0.2575, 0.0302505, 0, 0.0302505
0.41, 0.26, 0.0329129, 0, 0.0329129
0.41, 0.2625, 0.0374985, 0, 0.0374985
0.41, 0.265, 0.0401306, 0, 0.0401306
0.41, 0.2675, 0.0428391, 0, 0.0428391
0.41, 0.27, 0.047146, 0, 0.047146
0.41, 0.2725, 0.0498785, 0, 0.0498785
0.41, 0.275, 0.0546432, 0, 0.0546432
0.41, 0.2775, 0.05792, 0, 0.05792
0.41, 0.28, 0.0610309, 0, 0.0610309
0.41, 0.2825, 0.0649646, 0, 0.0649646
0.41, 0.285, 0.0701514, 0, 0.0701514
0.41, 0.2875, 0.0754991, 0, 0.0754991
0.41, 0.29, 0.0809953, 0, 0.0809953
0.41, 0.2925, 0.0881958, 0, 0.0881958
0.41, 0.295, 0.0908025, 0, 0.0908025
0.41, 0.2975, 0.0968933, 0, 0.0968933
0.41, 0.3, 0.105038, 0, 0.105038
0.41, 0.3025, 0.110855, 0, 0.110855
0.41, 0.305, 0.116737, 0, 0.116737
0.41, 0.3075, 0.123368, 0, 0.123368
0.41, 0.31, 0.130347, 0, 0.130347
0.41, 0.3125, 0.139245, 0, 0.139245
0.41, 0.315, 0.142948, 0, 0.142948
0.41, 0.3175, 0.15417, 0, 0.15417
0.41, 0.32, 0.1619, 0, 0.1619
0.41, 0.3225, 0.170298, 0, 0.170298
0.41, 0.325, 0.178057, 0, 0.178057
0.41, 0.3275, 0.186026, 0, 0.186026
0.41, 0.33, 0.195363, 0, 0.195363
0.41, 0.3325, 0.207784, 0, 0.207784
0.41, 0.335, 0.215988, 0, 0.215988
0.41, 0.3375, 0.225983, 0, 0.225983
0.41, 0.34, 0.240784, 0, 0.240784
0.41, 0.3425, 0.248566, 0, 0.248566
0.41, 0.345, 0.258068, 0, 0.258068
0.41, 0.3475, 0.272369, 0, 0.272369
0.41, 0.35, 0.287089, 0, 0.287089
0.41, 0.3525, 0.299475, 0, 0.299475
0.41, 0.355, 0.312245, 0, 0.312245
0.41, 0.3575, 0.324588, 0, 0.324588
0.41, 0.36, 0.340311, 0, 0.340311
0.41, 0.3625, 0.353937, 0, 0.353937
0.41, 0.365, 0.367368, 0, 0.367368
0.41, 0.3675, 0.380859, 0, 0.380859
0.41, 0.37, 0.400654, 0, 0.400654
0.41, 0.3725, 0.411377, 0, 0.411377
0.4125, 0.25, 0.0222583, 0, 0.0222583
0.4125, 0.2525, 0.0247889, 0, 0.0247889
0.4125, 0.255, 0.0260197, 0, 0.0260197
0.4125, 0.2575, 0.0282007, 0, 0.0282007
0.4125, 0.26, 0.0311672, 0, 0.0311672
0.4125, 0.2625, 0.0347661, 0, 0.0347661
0.4125, 0.265, 0.0384282, 0, 0.0384282
0.4125, 0.2675, 0.0401306, 0, 0.0401306
0.4125, 0.27, 0.0432135, 0, 0.0432135
0.4125, 0.2725, 0.0483608, 0, 0.0483608
0.4125, 0.275, 0.0499581, 0, 0.0499581
0.4125, 0.2775, 0.0548172, 0, 0.0548172
0.4125, 0.28, 0.0587746, 0, 0.0587746
0.4125, 0.2825, 0.0636765, 0, 0.0636765
0.4125, 0.285, 0.066059, 0, 0.066059
0.4125, 0.2875, 0.073945, 0, 0.073945
0.4125, 0.29, 0.0760269, 0, 0.0760269
0.4125, 0.2925, 0.0833228, 0, 0.0833228
0.4125, 0.295, 0.0881958, 0, 0.0881958
0.4125, 0.2975, 0.0924949, 0, 0.0924949
0.4125, 0.3, 0.0987098, 0, 0.0987098
0.4125, 0.3025, 0.105881, 0, 0.105881
0.4125, 0.305, 0.111357, 0, 0.111357
0.4125, 0.3075, 0.119678, 0, 0.119678
0.4125, 0.31, 0.122502, 0, 0.122502
0.4125, 0.3125, 0.131762, 0, 0.131762
0.4125, 0.315, 0.139687, 0, 0.139687
0.4125, 0.3175, 0.146789, 0, 0.146789
0.4125, 0.32, 0.159454, 0, 0.159454
0.4125, 0.3225, 0.165558, 0, 0.165558
0.4125, 0.325, 0.175508, 0, 0.175508
0.4125, 0.3275, 0.183696, 0, 0.183696
0.4125, 0.33, 0.189899, 0, 0.189899
0.4125, 0.3325, 0.200579, 0, 0.200579
0.4125, 0.335, 0.21016, 0, 0.21016
0.4125, 0.3375, 0.223502, 0, 0.223502
0.4125, 0.34, 0.227152, 0, 0.227152
0.4125, 0.3425, 0.243404, 0, 0.243404
0.4125, 0.345, 0.25343, 0, 0.25343
0.4125, 0.3475, 0.263518, 0, 0.263518
0.4125, 0.35, 0.272645, 0, 0.272645
0.4125, 0.3525, 0.286541, 0, 0.286541
0.4125, 0.355, 0.30179, 0, 0.30179
0.4125, 0.3575, 0.314787, 0, 0.314787
0.4125, 0.36, 0.331418, 0, 0.331418
0.4125, 0.3625, 0.335793, 0, 0.335793
0.4125, 0.365, 0.358009, 0, 0.358009
0.4125, 0.3675, 0.371094, 0, 0.371094
0.4125, 0.37, 0.383176, 0, 0.383176
0.4125, 0.3725, 0.401001, 0, 0.401001
0.415, 0.25, 0.0218697, 0, 0.0218697
0.415, 0.2525, 0.0232302, 0, 0.0232302
0.415, 0.255, 0.0239519, 0, 0.0239519
0.415, 0.2575, 0.0270477, 0, 0.0270477
0.415, 0.26, 0.0302505, 0, 0.0302505
0.415, 0.2625, 0.0330723, 0, 0.0330723
0.415, 0.265, 0.0354326, 0, 0.0354326
0.415, 0.2675, 0.0401306, 0, 0.0401306
0.415, 0.27, 0.0428391, 0, 0.0428391
0.415, 0.2725, 0.0450494, 0, 0.0450494
0.415, 0.275, 0.0485992, 0, 0.0485992
0.415, 0.2775, 0.0528993, 0, 0.0528993
0.415, 0.28, 0.057525, 0, 0.057525
0.415, 0.2825, 0.060963, 0, 0.060963
0.415, 0.285, 0.0649261, 0, 0.0649261
0.415, 0.2875, 0.068512, 0, 0.068512
0.415, 0.29, 0.0737909, 0, 0.0737909
0.415, 0.2925, 0.0795405, 0, 0.0795405
0.415, 0.295, 0.0839885, 0, 0.0839885
0.415, 0.2975, 0.0909855, 0, 0.0909855
0.415, 0.3, 0.0925521, 0, 0.0925521
0.415, 0.3025, 0.101471, 0, 0.101471
0.415, 0.305, 0.10754, 0, 0.10754
0.415, 0.3075, 0.115738, 0, 0.115738
0.415, 0.31, 0.120773, 0, 0.120773
0.415, 0.3125, 0.124523, 0, 0.124523
0.415, 0.315, 0.136642, 0, 0.136642
0.415, 0.3175, 0.139855, 0, 0.139855
0.415, 0.32, 0.149833, 0, 0.149833
0.415, 0.3225, 0.159454, 0, 0.159454
0.415, 0.325, 0.165688, 0, 0.165688
0.415, 0.3275, 0.177572, 0, 0.177572
0.415, 0.33, 0.184479, 0, 0.184479
0.415, 0.3325, 0.193835, 0, 0.193835
0.415, 0.335, 0.20462, 0, 0.20462
0.415, 0.3375, 0.212477, 0, 0.212477
0.415, 0.34, 0.225828, 0, 0.225828
0.415, 0.3425, 0.233432, 0, 0.233432
0.415, 0.345, 0.247309, 0, 0.247309
0.415, 0.3475, 0.258714, 0, 0.258714
0.415, 0.35, 0.264282, 0, 0.264282
0.415, 0.3525, 0.277256, 0, 0.277256
0.415, 0.355, 0.296043, 0, 0.296043
0.415, 0.3575, 0.305908, 0, 0.305908
0.415, 0.36, 0.315316, 0, 0.315316
0.415, 0.3625, 0.332615, 0, 0.332615
0.415, 0.365, 0.344456, 0, 0.344456
0.415, 0.3675, 0.356955, 0, 0.356955
0.415, 0.37, 0.373143, 0, 0.373143
0.415, 0.3725, 0.386317, 0, 0.386317
0.4175, 0.25, 0.0201225, 0, 0.0201225
0.4175, 0.2525, 0.0219536, 0, 0.0219536
0.4175, 0.255, 0.02388, 0, 0.02388
0.4175, 0.2575, 0.0259248, 0, 0.0259248
0.4175, 0.26, 0.028019, 0, 0.028019
0.4175, 0.2625, 0.0302505, 0, 0.0302505
0.4175, 0.265, 0.0326809, 0, 0.0326809
0.4175, 0.2675, 0.0374611, 0, 0.0374611
0.4175, 0.27, 0.0401306, 0, 0.0401306
0.4175, 0.2725, 0.0428391, 0, 0.0428391
0.4175, 0.275, 0.0459654, 0, 0.0459654
0.4175, 0.2775, 0.0486018, 0, 0.0486018
0.4175, 0.28, 0.0548172, 0, 0.0548172
0.4175, 0.2825, 0.0565971, 0, 0.0565971
0.4175, 0.285, 0.0597203, 0, 0.0597203
0.4175, 0.2875, 0.0649261, 0, 0.0649261
0.4175, 0.29, 0.0689685, 0, 0.0689685
0.4175, 0.2925, 0.074182, 0, 0.074182
0.4175, 0.295, 0.0799561, 0, 0.0799561
0.4175, 0.2975, 0.0881958, 0, 0.0881958
0.4175, 0.3, 0.0924683, 0, 0.0924683
0.4175, 0.3025, 0.0968861, 0, 0.0968861
0.4175, 0.305, 0.10242, 0, 0.10242
0.4175, 0.3075, 0.110277, 0, 0.110277
0.4175, 0.31, 0.115816, 0, 0.115816
0.4175, 0.3125, 0.122543, 0, 0.122543
0.4175, 0.315, 0.12943, 0, 0.12943
0.4175, 0.3175, 0.136642, 0, 0.136642
0.4175, 0.32, 0.142963, 0, 0.142963
0.4175, 0.3225, 0.152884, 0, 0.152884
0.4175, 0.325, 0.159454, 0, 0.159454
0.4175, 0.3275, 0.166245, 0, 0.166245
0.4175, 0.33, 0.177103, 0, 0.177103
0.4175, 0.3325, 0.184479, 0, 0.184479
0.4175, 0.335, 0.194944, 0, 0.194944
0.4175, 0.3375, 0.204904, 0, 0.204904
0.4175, 0.34, 0.214516, 0, 0.214516
0.4175, 0.3425, 0.225983, 0, 0.225983
0.4175, 0.345, 0.238412, 0, 0.238412
0.4175, 0.3475, 0.248566, 0, 0.248566
0.4175, 0.35, 0.260271, 0, 0.260271
0.4175, 0.3525, 0.268486, 0, 0.268486
0.4175, 0.355, 0.286244, 0, 0.286244
0.4175, 0.3575, 0.29751, 0, 0.29751
0.4175, 0.36, 0.307253, 0, 0.307253
0.4175, 0.3625, 0.319109, 0, 0.319109
0.4175, 0.365, 0.337691, 0, 0.337691
0.4175, 0.3675, 0.347195, 0, 0.347195
0.4175, 0.37, 0.360361, 0, 0.360361
0.4175, 0.3725, 0.380835, 0, 0.380835
0.42, 0.25, 0.0190292, 0, 0.0190292
0.42, 0.2525, 0.0206359, 0, 0.0206359
0.42, 0.255, 0.0220181, 0, 0.0220181
0.42, 0.2575, 0.0252331, 0, 0.0252331
0.42, 0.26, 0.0266418, 0, 0.0266418
0.42, 0.2625, 0.0290644, 0, 0.0290644
0.42, 0.265, 0.0308991, 0, 0.0308991
0.42, 0.2675, 0.0343021, 0, 0.0343021
0.42, 0.27, 0.0375309, 0, 0.0375309
0.42, 0.2725, 0.0401306, 0, 0.0401306
0.42, 0.275, 0.043272, 0, 0.043272
0.42, 0.2775, 0.0475912, 0, 0.0475912
0.42, 0.28, 0.0496304, 0, 0.0496304
0.42, 0.2825, 0.0548172, 0, 0.0548172
0.42, 0.285, 0.0578973, 0, 0.0578973
0.42, 0.2875, 0.0626212, 0, 0.0626212
0.42, 0.29, 0.0653812, 0, 0.0653812
0.42, 0.2925, 0.0725372, 0, 0.0725372
0.42, 0.295, 0.0760269, 0, 0.0760269
0.42, 0.2975, 0.0835839, 0, 0.0835839
0.42, 0.3, 0.0881632, 0, 0.0881632
0.42, 0.3025, 0.0930534, 0, 0.0930534
0.42, 0.305, 0.0968933, 0, 0.0968933
0.42, 0.3075, 0.104167, 0, 0.104167
0.42, 0.31, 0.110855, 0, 0.110855
0.42, 0.3125, 0.120568, 0, 0.120568
0.42, 0.315, 0.124091, 0, 0.124091
0.42, 0.3175, 0.132395, 0, 0.132395
0.42, 0.32, 0.138847, 0, 0.138847
0.42, 0.3225, 0.146524, 0, 0.146524
0.42, 0.325, 0.156321, 0, 0.156321
0.42, 0.3275, 0.163997, 0, 0.163997
0.42, 0.33, 0.170238, 0, 0.170238
0.42, 0.3325, 0.179851, 0, 0.179851
0.42, 0.335, 0.185945, 0, 0.185945
0.42, 0.3375, 0.197381, 0, 0.197381
0.42, 0.34, 0.205444, 0, 0.205444
0.42, 0.3425, 0.220461, 0, 0.220461
0.42, 0.345, 0.226755, 0, 0.226755
0.42, 0.3475, 0.238048, 0, 0.238048
0.42, 0.35, 0.248566, 0, 0.248566
0.42, 0.3525, 0.261972, 0, 0.261972
0.42, 0.355, 0.272369, 0, 0.272369
0.42, 0.3575, 0.284678, 0, 0.284678
0.42, 0.36, 0.298078, 0, 0.298078
0.42, 0.3625, 0.314292, 0, 0.314292
0.42, 0.365, 0.324733, 0, 0.324733
0.42, 0.3675, 0.341062, 0, 0.341062
0.42, 0.37, 0.350406, 0, 0.350406
0.42, 0.3725, 0.367379, 0, 0.367379
0.4225, 0.25, 0.0182441, 0, 0.0182441
0.4225, 0.2525, 0.0201225, 0, 0.0201225
0.4225, 0.255, 0.0216845, 0, 0.0216845
0.4225, 0.2575, 0.0227629, 0, 0.0227629
0.4225, 0.26, 0.0246563, 0, 0.0246563
0.4225, 0.2625, 0.0275137, 0, 0.0275137
0.4225, 0.265, 0.0302185, 0, 0.0302185
0.4225, 0.2675, 0.0325584, 0, 0.0325584
0.4225, 0.27, 0.0356329, 0, 0.0356329
0.4225, 0.2725, 0.0401306, 0, 0.0401306
0.4225, 0.275, 0.0423238, 0, 0.0423238
0.4225, 0.2775, 0.0455562, 0, 0.0455562
0.4225, 0.28, 0.0485992, 0, 0.0485992
0.4225, 0.2825, 0.0520703, 0, 0.0520703
0.4225, 0.285, 0.0566125, 0, 0.0566125
0.4225, 0.2875, 0.0613003, 0, 0.0613003
0.4225, 0.29, 0.0649261, 0, 0.0649261
0.4225, 0.2925, 0.0679839, 0, 0.0679839
0.4225, 0.295, 0.0735292, 0, 0.0735292
0.4225, 0.2975, 0.0780673, 0, 0.0780673
0.4225, 0.3, 0.0839947, 0, 0.0839947
0.4225, 0.3025, 0.0892324, 0, 0.0892324
0.4225, 0.305, 0.0932145, 0, 0.0932145
0.4225, 0.3075, 0.101158, 0, 0.101158
0.4225, 0.31, 0.107126, 0, 0.107126
0.4225, 0.3125, 0.113724, 0, 0.113724
0.4225, 0.315, 0.120685, 0, 0.120685
0.4225, 0.3175, 0.123369, 0, 0.123369
0.4225, 0.32, 0.135447, 0, 0.135447
0.4225, 0.3225, 0.140149, 0, 0.140149
0.4225, 0.325, 0.148247, 0, 0.148247
0.4225, 0.3275, 0.159165, 0, 0.159165
0.4225, 0.33, 0.165558, 0, 0.165558
0.4225, 0.3325, 0.174773, 0, 0.174773
0.4225, 0.335, 0.184479, 0, 0.184479
0.4225, 0.3375, 0.190164, 0, 0.190164
0.4225, 0.34, 0.202204, 0, 0.202204
0.4225, 0.3425, 0.210739, 0, 0.210739
0.4225, 0.345, 0.22459, 0, 0.22459
0.4225, 0.3475, 0.230226, 0, 0.230226
0.4225, 0.35, 0.241156, 0, 0.241156
0.4225, 0.3525, 0.254512, 0, 0.254512
0.4225, 0.355, 0.264234, 0, 0.264234
0.4225, 0.3575, 0.273672, 0, 0.273672
0.4225, 0.36, 0.286457, 0, 0.286457
0.4225, 0.3625, 0.303167, 0, 0.303167
0.4225, 0.365, 0.314941, 0, 0.314941
0.4225, 0.3675, 0.328398, 0, 0.328398
0.4225, 0.37, 0.339534, 0, 0.339534
0.4225, 0.3725, 0.35439, 0, 0.35439
0.425, 0.25, 0.0161874, 0, 0.0161874
0.425, 0.2525, 0.0183868, 0, 0.0183868
0.425, 0.255, 0.0201225, 0, 0.0201225
0.425, 0.2575, 0.0219536, 0, 0.0219536
0.425, 0.26, 0.02388, 0, 0.02388
0.425, 0.2625, 0.0259298, 0, 0.0259298
0.425, 0.265, 0.028019, 0, 0.028019
0.425, 0.2675, 0.0302546, 0, 0.0302546
0.425, 0.27, 0.0329711, 0, 0.0329711
0.425, 0.2725, 0.0374677, 0, 0.0374677
0.425, 0.275, 0.0401306, 0, 0.0401306
0.425, 0.2775, 0.0428391, 0, 0.0428391
0.425, 0.28, 0.0459289, 0, 0.0459289
0.425, 0.2825, 0.0485992, 0, 0.0485992
0.425, 0.285, 0.0548172, 0, 0.0548172
0.425, 0.2875, 0.0562452, 0, 0.0562452
0.425, 0.29, 0.0580941, 0, 0.0580941
0.425, 0.2925, 0.0649261, 0, 0.0649261
0.425, 0.295, 0.068512, 0, 0.068512
0.425, 0.2975, 0.0727517, 0, 0.0727517
0.425, 0.3, 0.0799356, 0, 0.0799356
0.425, 0.3025, 0.086855, 0, 0.086855
0.425, 0.305, 0.0924683, 0, 0.0924683
0.425, 0.3075, 0.0949186, 0, 0.0949186
0.425, 0.31, 0.101471, 0, 0.101471
0.425, 0.3125, 0.110832, 0, 0.110832
0.425, 0.315, 0.115738, 0, 0.115738
0.425, 0.3175, 0.120773, 0, 0.120773
0.425, 0.32, 0.126664, 0, 0.126664
0.425, 0.3225, 0.136642, 0, 0.136642
0.425, 0.325, 0.141983, 0, 0.141983
0.425, 0.3275, 0.153513, 0, 0.153513
0.425, 0.33, 0.159454, 0, 0.159454
0.425, 0.3325, 0.165558, 0, 0.165558
0.425, 0.335, 0.174343, 0, 0.174343
0.425, 0.3375, 0.184479, 0, 0.184479
0.425, 0.34, 0.197106, 0, 0.197106
0.425, 0.3425, 0.20462, 0, 0.20462
0.425, 0.345, 0.211487, 0, 0.211487
0.425, 0.3475, 0.225872, 0, 0.225872
0.425, 0.35, 0.233944, 0, 0.233944
0.425, 0.3525, 0.24541, 0, 0.24541
0.425, 0.355, 0.257266, 0, 0.257266
0.425, 0.3575, 0.264282, 0, 0.264282
0.425, 0.36, 0.280464, 0, 0.280464
0.425, 0.3625, 0.295999, 0, 0.295999
0.425, 0.365, 0.306244, 0, 0.306244
0.425, 0.3675, 0.317264, 0, 0.317264
0.425, 0.37, 0.331571, 0, 0.331571
0.425, 0.3725, 0.348069, 0, 0.348069
0.4275, 0.25, 0.0156307, 0, 0.0156307
0.4275, 0.2525, 0.0175572, 0, 0.0175572
0.4275, 0.255, 0.0198538, 0, 0.0198538
0.4275, 0.2575, 0.0201901, 0, 0.0201901
0.4275, 0.26, 0.0220411, 0, 0.0220411
0.4275, 0.2625, 0.0243979, 0, 0.0243979
0.4275, 0.265, 0.0277053, 0, 0.0277053
0.4275, 0.2675, 0.0294468, 0, 0.0294468
0.4275, 0.27, 0.0312227, 0, 0.0312227
0.4275, 0.2725, 0.0337332, 0, 0.0337332
0.4275, 0.275, 0.035694, 0, 0.035694
0.4275, 0.2775, 0.0401306, 0, 0.0401306
0.4275, 0.28, 0.0428391, 0, 0.0428391
0.4275, 0.2825, 0.0476982, 0, 0.0476982
0.4275, 0.285, 0.0503811, 0, 0.0503811
0.4275, 0.2875, 0.0548172, 0, 0.0548172
0.4275, 0.29, 0.0570154, 0, 0.0570154
0.4275, 0.2925, 0.0614336, 0, 0.0614336
0.4275, 0.295, 0.0657575, 0, 0.0657575
0.4275, 0.2975, 0.0713373, 0, 0.0713373
0.4275, 0.3, 0.0760269, 0, 0.0760269
0.4275, 0.3025, 0.0815052, 0, 0.0815052
0.4275, 0.305, 0.0864642, 0, 0.0864642
0.4275, 0.3075, 0.0929424, 0, 0.0929424
0.4275, 0.31, 0.0968933, 0, 0.0968933
0.4275, 0.3125, 0.101495, 0, 0.101495
0.4275, 0.315, 0.110123, 0, 0.110123
0.4275, 0.3175, 0.117191, 0, 0.117191
0.4275, 0.32, 0.122543, 0, 0.122543
0.4275, 0.3225, 0.131415, 0, 0.131415
0.4275, 0.325, 0.136818, 0, 0.136818
0.4275, 0.3275, 0.145754, 0, 0.145754
0.4275, 0.33, 0.15358, 0, 0.15358
0.4275, 0.3325, 0.160334, 0, 0.160334
0.4275, 0.335, 0.166581, 0, 0.166581
0.4275, 0.3375, 0.176401, 0, 0.176401
0.4275, 0.34, 0.184479, 0, 0.184479
0.4275, 0.3425, 0.197807, 0, 0.197807
0.4275, 0.345, 0.205147, 0, 0.205147
0.4275, 0.3475, 0.215653, 0, 0.215653
0.4275, 0.35, 0.225983, 0, 0.225983
0.4275, 0.3525, 0.235844, 0, 0.235844
0.4275, 0.355, 0.248566, 0, 0.248566
0.4275, 0.3575, 0.259691, 0, 0.259691
0.4275, 0.36, 0.269436, 0, 0.269436
0.4275, 0.3625, 0.285804, 0, 0.285804
0.4275, 0.365, 0.297467, 0, 0.297467
0.4275, 0.3675, 0.307545, 0, 0.307545
0.4275, 0.37, 0.321661, 0, 0.321661
0.4275, 0.3725, 0.337702, 0, 0.337702
0.43, 0.25, 0.0145397, 0, 0.0145397
0.43, 0.2525, 0.0160661, 0, 0.0160661
0.43, 0.255, 0.0179605, 0, 0.0179605
0.43, 0.2575, 0.0199972, 0, 0.0199972
0.43, 0.26, 0.0214995, 0, 0.0214995
0.43, 0.2625, 0.0233179, 0, 0.0233179
0.43, 0.265, 0.0252743, 0, 0.0252743
0.43, 0.2675, 0.028019, 0, 0.028019
0.43, 0.27, 0.0302505, 0, 0.0302505
0.43, 0.2725, 0.0325584, 0, 0.0325584
0.43, 0.275, 0.0357309, 0, 0.0357309
0.43, 0.2775, 0.0401306, 0, 0.0401306
0.43, 0.28, 0.0416685, 0, 0.0416685
0.43, 0.2825, 0.0442266, 0, 0.0442266
0.43, 0.285, 0.0485992, 0, 0.0485992
0.43, 0.2875, 0.0516266, 0, 0.0516266
0.43, 0.29, 0.0554467, 0, 0.0554467
0.43, 0.2925, 0.0601644, 0, 0.0601644
0.43, 0.295, 0.0649261, 0, 0.0649261
0.43, 0.2975, 0.0680824, 0, 0.0680824
0.43, 0.3, 0.0722328, 0, 0.0722328
0.43, 0.3025, 0.0763639, 0, 0.0763639
0.43, 0.305, 0.0830947, 0, 0.0830947
0.43, 0.3075, 0.0876794, 0, 0.0876794
0.43, 0.31, 0.0955595, 0, 0.0955595
0.43, 0.3125, 0.0989707, 0, 0.0989707
0.43, 0.315, 0.105053, 0, 0.105053
0.43, 0.3175, 0.111234, 0, 0.111234
0.43, 0.32, 0.119054, 0, 0.119054
0.43, 0.3225, 0.123769, 0, 0.123769
0.43, 0.325, 0.135903, 0, 0.135903
0.43, 0.3275, 0.137921, 0, 0.137921
0.43, 0.33, 0.147781, 0, 0.147781
0.43, 0.3325, 0.156207, 0, 0.156207
0.43, 0.335, 0.165558, 0, 0.165558
0.43, 0.3375, 0.168802, 0, 0.168802
0.43, 0.34, 0.181367, 0, 0.181367
0.43, 0.3425, 0.184875, 0, 0.184875
0.43, 0.345, 0.199197, 0, 0.199197
0.43, 0.3475, 0.208017, 0, 0.208017
0.43, 0.35, 0.220151, 0, 0.220151
0.43, 0.3525, 0.229033, 0, 0.229033
0.43, 0.355, 0.234772, 0, 0.234772
0.43, 0.3575, 0.248828, 0, 0.248828
0.43, 0.36, 0.264282, 0, 0.264282
0.43, 0.3625, 0.272369, 0, 0.272369
0.43, 0.365, 0.282813, 0, 0.282813
0.43, 0.3675, 0.300775, 0, 0.300775
0.43, 0.37, 0.314442, 0, 0.314442
0.43, 0.3725, 0.324361, 0, 0.324361
0.4325, 0.25, 0, 0, 0
0.4325, 0.2525, 0.015173, 0, 0.015173
0.4325, 0.255, 0.0169879, 0, 0.0169879
0.4325, 0.2575, 0.0183868, 0, 0.0183868
0.4325, 0.26, 0.020362, 0, 0.020362
0.4325, 0.2625, 0.0219536, 0, 0.0219536
0.4325, 0.265, 0.02388, 0, 0.02388
0.4325, 0.2675, 0.0259018, 0, 0.0259018
0.4325, 0.27, 0.028019, 0, 0.028019
0.4325, 0.2725, 0.0302505, 0, 0.0302505
0.4325, 0.275, 0.0331489, 0, 0.0331489
0.4325, 0.2775, 0.0374985, 0, 0.0374985
0.4325, 0.28, 0.0401306, 0, 0.0401306
0.4325, 0.2825, 0.0428391, 0, 0.0428391
0.4325, 0.285, 0.0457525, 0, 0.0457525
0.4325, 0.2875, 0.0485992, 0, 0.0485992
0.4325, 0.29, 0.0539001, 0, 0.0539001
0.4325, 0.2925, 0.0566258, 0, 0.0566258
0.4325, 0.295, 0.0592919, 0, 0.0592919
0.4325, 0.2975, 0.0649261, 0, 0.0649261
0.4325, 0.3, 0.068551, 0, 0.068551
0.4325, 0.3025, 0.0724308, 0, 0.0724308
0.4325, 0.305, 0.0784641, 0, 0.0784641
0.4325, 0.3075, 0.0846884, 0, 0.0846884
0.4325, 0.31, 0.0914092, 0, 0.0914092
0.4325, 0.3125, 0.0928043, 0, 0.0928043
0.4325, 0.315, 0.101471, 0, 0.101471
0.4325, 0.3175, 0.108221, 0, 0.108221
0.4325, 0.32, 0.115737, 0, 0.115737
0.4325, 0.3225, 0.120773, 0, 0.120773
0.4325, 0.325, 0.125751, 0, 0.125751
0.4325, 0.3275, 0.136222, 0, 0.136222
0.4325, 0.33, 0.142311, 0, 0.142311
0.4325, 0.3325, 0.150034, 0, 0.150034
0.4325, 0.335, 0.158241, 0, 0.158241
0.4325, 0.3375, 0.165558, 0, 0.165558
0.4325, 0.34, 0.17228, 0, 0.17228
0.4325, 0.3425, 0.184479, 0, 0.184479
0.4325, 0.345, 0.192164, 0, 0.192164
0.4325, 0.3475, 0.203859, 0, 0.203859
0.4325, 0.35, 0.211487, 0, 0.211487
0.4325, 0.3525, 0.222366, 0, 0.222366
0.4325, 0.355, 0.232528, 0, 0.232528
0.4325, 0.3575, 0.238635, 0, 0.238635
0.4325, 0.36, 0.255171, 0, 0.255171
0.4325, 0.3625, 0.264346, 0, 0.264346
0.4325, 0.365, 0.274163, 0, 0.274163
0.4325, 0.3675, 0.285661, 0, 0.285661
0.4325, 0.37, 0.304762, 0, 0.304762
0.4325, 0.3725, 0.314941, 0, 0.314941
0.435, 0.25, 0, 0, 0
0.435, 0.2525, 0.0136566, 0, 0.0136566
0.435, 0.255, 0.0163916, 0, 0.0163916
0.435, 0.2575, 0.0176009, 0, 0.0176009
0.435, 0.26, 0.0195116, 0, 0.0195116
0.435, 0.2625, 0.0206624, 0, 0.0206624
0.435, 0.265, 0.0219761, 0, 0.0219761
0.435, 0.2675, 0.0239804, 0, 0.0239804
0.435, 0.27, 0.0279936, 0, 0.0279936
0.435, 0.2725, 0.0290441, 0, 0.0290441
0.435, 0.275, 0.0319867, 0, 0.0319867
0.435, 0.2775, 0.0341271, 0, 0.0341271
0.435, 0.28, 0.0354539, 0, 0.0354539
0.435, 0.2825, 0.0401306, 0, 0.0401306
0.435, 0.285, 0.0428391, 0, 0.0428391
0.435, 0.2875, 0.0484704, 0, 0.0484704
0.435, 0.29, 0.0500587, 0, 0.0500587
0.435, 0.2925, 0.0535986, 0, 0.0535986
0.435, 0.295, 0.057085, 0, 0.057085
0.435, 0.2975, 0.0601743, 0, 0.0601743
0.435, 0.3, 0.0649261, 0, 0.0649261
0.435, 0.3025, 0.0700505, 0, 0.0700505
0.435, 0.305, 0.0748899, 0, 0.0748899
0.435, 0.3075, 0.0800228, 0, 0.0800228
0.435, 0.31, 0.0848265, 0, 0.0848265
0.435, 0.3125, 0.0924683, 0, 0.0924683
0.435, 0.315, 0.0968933, 0, 0.0968933
0.435, 0.3175, 0.101471, 0, 0.101471
0.435, 0.32, 0.10826, 0, 0.10826
0.435, 0.3225, 0.115738, 0, 0.115738
0.435, 0.325, 0.120872, 0, 0.120872
0.435, 0.3275, 0.128491, 0, 0.128491
0.435, 0.33, 0.136302, 0, 0.136302
0.435, 0.3325, 0.144521, 0, 0.144521
0.435, 0.335, 0.15358, 0, 0.15358
0.435, 0.3375, 0.159454, 0, 0.159454
0.435, 0.34, 0.165558, 0, 0.165558
0.435, 0.3425, 0.172048, 0, 0.172048
0.435, 0.345, 0.184794, 0, 0.184794
0.435, 0.3475, 0.196396, 0, 0.196396
0.435, 0.35, 0.20462, 0, 0.20462
0.435, 0.3525, 0.211487, 0, 0.211487
0.435, 0.355, 0.225983, 0, 0.225983
0.435, 0.3575, 0.233422, 0, 0.233422
0.435, 0.36, 0.244448, 0, 0.244448
0.435, 0.3625, 0.257487, 0, 0.257487
0.435, 0.365, 0.266665, 0, 0.266665
0.435, 0.3675, 0.280679, 0, 0.280679
0.435, 0.37, 0.293318, 0, 0.293318
0.435, 0.3725, 0.306244, 0, 0.306244
0.4375, 0.25, 0, 0, 0
0.4375, 0.2525, 0, 0, 0
0.4375, 0.255, 0.0145004, 0, 0.0145004
0.4375, 0.2575, 0.0167234, 0, 0.0167234
0.4375, 0.26, 0.0179773, 0, 0.0179773
0.4375, 0.2625, 0.0192157, 0, 0.0192157
0.4375, 0.265, 0.0212868, 0, 0.0212868
0.4375, 0.2675, 0.0237153, 0, 0.0237153
0.4375, 0.27, 0.0253824, 0, 0.0253824
0.4375, 0.2725, 0.028019, 0, 0.028019
0.4375, 0.275, 0.0302505, 0, 0.0302505
0.4375, 0.2775, 0.0325584, 0, 0.0325584
0.4375, 0.28, 0.0350883, 0, 0.0350883
0.4375, 0.2825, 0.0394362, 0, 0.0394362
0.4375, 0.285, 0.0409063, 0, 0.0409063
0.4375, 0.2875, 0.0429326, 0, 0.0429326
0.4375, 0.29, 0.0481494, 0, 0.0481494
0.4375, 0.2925, 0.051651, 0, 0.051651
0.4375, 0.295, 0.0545853, 0, 0.0545853
0.4375, 0.2975, 0.0589058, 0, 0.0589058
0.4375, 0.3, 0.0635857, 0, 0.0635857
0.4375, 0.3025, 0.0684236, 0, 0.0684236
0.4375, 0.305, 0.0716903, 0, 0.0716903
0.4375, 0.3075, 0.0760269, 0, 0.0760269
0.4375, 0.31, 0.0807499, 0, 0.0807499
0.4375, 0.3125, 0.0853612, 0, 0.0853612
0.4375, 0.315, 0.0947716, 0, 0.0947716
0.4375, 0.3175, 0.0968933, 0, 0.0968933
0.4375, 0.32, 0.102607, 0, 0.102607
0.4375, 0.3225, 0.10926, 0, 0.10926
0.4375, 0.325, 0.116134, 0, 0.116134
0.4375, 0.3275, 0.121651, 0, 0.121651
0.4375, 0.33, 0.131905, 0, 0.131905
0.4375, 0.3325, 0.136642, 0, 0.136642
0.4375, 0.335, 0.147519, 0, 0.147519
0.4375, 0.3375, 0.153788, 0, 0.153788
0.4375, 0.34, 0.161779, 0, 0.161779
0.4375, 0.3425, 0.165558, 0, 0.165558
0.4375, 0.345, 0.177296, 0, 0.177296
0.4375, 0.3475, 0.18688, 0, 0.18688
0.4375, 0.35, 0.198765, 0, 0.198765
0.4375, 0.3525, 0.206874, 0, 0.206874
0.4375, 0.355, 0.216517, 0, 0.216517
0.4375, 0.3575, 0.225983, 0, 0.225983
0.4375, 0.36, 0.233307, 0, 0.233307
0.4375, 0.3625, 0.248566, 0, 0.248566
0.4375, 0.365, 0.261511, 0, 0.261511
0.4375, 0.3675, 0.27085, 0, 0.27085
0.4375, 0.37, 0.283267, 0, 0.283267
0.4375, 0.3725, 0.297387, 0, 0.297387
0.44, 0.25, 0, 0, 0
0.44, 0.2525, 0, 0, 0
0.44, 0.255, 0, 0, 0
0.44, 0.2575, 0.015173, 0, 0.015173
0.44, 0.26, 0.0165799, 0, 0.0165799
0.44, 0.2625, 0.0183868, 0, 0.0183868
0.44, 0.265, 0.0205249, 0, 0.0205249
0.44, 0.2675, 0.0219088, 0, 0.0219088
0.44, 0.27, 0.02388, 0, 0.02388
0.44, 0.2725, 0.0259018, 0, 0.0259018
0.44, 0.275, 0.028019, 0, 0.028019
0.44, 0.2775, 0.0302505, 0, 0.0302505
0.44, 0.28, 0.0326948, 0, 0.0326948
0.44, 0.2825, 0.0374985, 0, 0.0374985
0.44, 0.285, 0.0401306, 0, 0.0401306
0.44, 0.2875, 0.0428391, 0, 0.0428391
0.44, 0.29, 0.0450119, 0, 0.0450119
0.44, 0.2925, 0.0485992, 0, 0.0485992
0.44, 0.295, 0.052289, 0, 0.052289
0.44, 0.2975, 0.0553699, 0, 0.0553699
0.44, 0.3, 0.0606189, 0, 0.0606189
0.44, 0.3025, 0.0649261, 0, 0.0649261
0.44, 0.305, 0.0699568, 0, 0.0699568
0.44, 0.3075, 0.0738706, 0, 0.0738706
0.44, 0.31, 0.0765058, 0, 0.0765058
0.44, 0.3125, 0.0837678, 0, 0.0837678
0.44, 0.315, 0.0890983, 0, 0.0890983
0.44, 0.3175, 0.0946028, 0, 0.0946028
0.44, 0.32, 0.100858, 0, 0.100858
0.44, 0.3225, 0.106329, 0, 0.106329
0.44, 0.325, 0.113021, 0, 0.113021
0.44, 0.3275, 0.11937, 0, 0.11937
0.44, 0.33, 0.125928, 0, 0.125928
0.44, 0.3325, 0.134387, 0, 0.134387
0.44, 0.335, 0.13945, 0, 0.13945
0.44, 0.3375, 0.147781, 0, 0.147781
0.44, 0.34, 0.154163, 0, 0.154163
0.44, 0.3425, 0.165558, 0, 0.165558
0.44, 0.345, 0.169061, 0, 0.169061
0.44, 0.3475, 0.182502, 0, 0.182502
0.44, 0.35, 0.187856, 0, 0.187856
0.44, 0.3525, 0.202568, 0, 0.202568
0.44, 0.355, 0.210577, 0, 0.210577
0.44, 0.3575, 0.21887, 0, 0.21887
0.44, 0.36, 0.230787, 0, 0.230787
0.44, 0.3625, 0.233307, 0, 0.233307
0.44, 0.365, 0.249219, 0, 0.249219
0.44, 0.3675, 0.264282, 0, 0.264282
0.44, 0.37, 0.272369, 0, 0.272369
0.44, 0.3725, 0.281512, 0, 0.281512
0.4425, 0.25, 0, 0, 0
0.4425, 0.2525, 0, 0, 0
0.4425, 0.255, 0, 0, 0
0.4425, 0.2575, 0.0137044, 0, 0.0137044
0.4425, 0.26, 0.0160506, 0, 0.0160506
0.4425, 0.2625, 0.0175203, 0, 0.0175203
0.4425, 0.265, 0.0186131, 0, 0.0186131
0.4425, 0.2675, 0.0211587, 0, 0.0211587
0.4425, 0.27, 0.0225149, 0, 0.0225149
0.4425, 0.2725, 0.0242625, 0, 0.0242625
0.4425, 0.275, 0.0275675, 0, 0.0275675
0.4425, 0.2775, 0.0286354, 0, 0.0286354
0.4425, 0.28, 0.0318163, 0, 0.0318163
0.4425, 0.2825, 0.0348504, 0, 0.0348504
0.4425, 0.285, 0.0361625, 0, 0.0361625
0.4425, 0.2875, 0.0401306, 0, 0.0401306
0.4425, 0.29, 0.0428391, 0, 0.0428391
0.4425, 0.2925, 0.0469946, 0, 0.0469946
0.4425, 0.295, 0.0489698, 0, 0.0489698
0.4425, 0.2975, 0.0522684, 0, 0.0522684
0.4425, 0.3, 0.0576132, 0, 0.0576132
0.4425, 0.3025, 0.0593551, 0, 0.0593551
0.4425, 0.305, 0.0649261, 0, 0.0649261
0.4425, 0.3075, 0.0707664, 0, 0.0707664
0.4425, 0.31, 0.07313, 0, 0.07313
0.4425, 0.3125, 0.0782554, 0, 0.0782554
0.4425, 0.315, 0.0839996, 0, 0.0839996
0.4425, 0.3175, 0.091197, 0, 0.091197
0.4425, 0.32, 0.095871, 0, 0.095871
0.4425, 0.3225, 0.101471, 0, 0.101471
0.4425, 0.325, 0.106578, 0, 0.106578
0.4425, 0.3275, 0.115738, 0, 0.115738
0.4425, 0.33, 0.121564, 0, 0.121564
0.4425, 0.3325, 0.127883, 0, 0.127883
0.4425, 0.335, 0.133912, 0, 0.133912
0.4425, 0.3375, 0.143742, 0, 0.143742
0.4425, 0.34, 0.151406, 0, 0.151406
0.4425, 0.3425, 0.158638, 0, 0.158638
0.4425, 0.345, 0.165558, 0, 0.165558
0.4425, 0.3475, 0.174007, 0, 0.174007
0.4425, 0.35, 0.184479, 0, 0.184479
0.4425, 0.3525, 0.192152, 0, 0.192152
0.4425, 0.355, 0.204547, 0, 0.204547
0.4425, 0.3575, 0.211487, 0, 0.211487
0.4425, 0.36, 0.221129, 0, 0.221129
0.4425, 0.3625, 0.232547, 0, 0.232547
0.4425, 0.365, 0.238586, 0, 0.238586
0.4425, 0.3675, 0.255432, 0, 0.255432
0.4425, 0.37, 0.264544, 0, 0.264544
0.4425, 0.3725, 0.274172, 0, 0.274172
0.445, 0.25, 0, 0, 0
0.445, 0.2525, 0, 0, 0
0.445, 0.255, 0, 0, 0
0.445, 0.2575, 0, 0, 0
0.445, 0.26, 0.0146648, 0, 0.0146648
0.445, 0.2625, 0.016736, 0, 0.016736
0.445, 0.265, 0.0182652, 0, 0.0182652
0.445, 0.2675, 0.0185562, 0, 0.0185562
0.445, 0.27, 0.0206974, 0, 0.0206974
0.445, 0.2725, 0.0227774, 0, 0.0227774
0.445, 0.275, 0.0256835, 0, 0.0256835
0.445, 0.2775, 0.028019, 0, 0.028019
0.445, 0.28, 0.0302505, 0, 0.0302505
0.445, 0.2825, 0.0325584, 0, 0.0325584
0.445, 0.285, 0.0348149, 0, 0.0348149
0.445, 0.2875, 0.0378876, 0, 0.0378876
0.445, 0.29, 0.0401306, 0, 0.0401306
0.445, 0.2925, 0.0432298, 0, 0.0432298
0.445, 0.295, 0.0468473, 0, 0.0468473
0.445, 0.2975, 0.051651, 0, 0.051651
0.445, 0.3, 0.053202, 0, 0.053202
0.445, 0.3025, 0.0580597, 0, 0.0580597
0.445, 0.305, 0.062085, 0, 0.062085
0.445, 0.3075, 0.0668292, 0, 0.0668292
0.445, 0.31, 0.0695489, 0, 0.0695489
0.445, 0.3125, 0.0760269, 0, 0.0760269
0.445, 0.315, 0.0799561, 0, 0.0799561
0.445, 0.3175, 0.0852457, 0, 0.0852457
0.445, 0.32, 0.0926888, 0, 0.0926888
0.445, 0.3225, 0.0968933, 0, 0.0968933
0.445, 0.325, 0.101471, 0, 0.101471
0.445, 0.3275, 0.106492, 0, 0.106492
0.445, 0.33, 0.115738, 0, 0.115738
0.445, 0.3325, 0.122933, 0, 0.122933
0.445, 0.335, 0.128374, 0, 0.128374
0.445, 0.3375, 0.136642, 0, 0.136642
0.445, 0.34, 0.147371, 0, 0.147371
0.445, 0.3425, 0.15358, 0, 0.15358
0.445, 0.345, 0.160387, 0, 0.160387
0.445, 0.3475, 0.165558, 0, 0.165558
0.445, 0.35, 0.175434, 0, 0.175434
0.445, 0.3525, 0.186053, 0, 0.186053
0.445, 0.355, 0.195421, 0, 0.195421
0.445, 0.3575, 0.20462, 0, 0.20462
0.445, 0.36, 0.211464, 0, 0.211464
0.445, 0.3625, 0.225983, 0, 0.225983
0.445, 0.365, 0.233307, 0, 0.233307
0.445, 0.3675, 0.244709, 0, 0.244709
0.445, 0.37, 0.259608, 0, 0.259608
0.445, 0.3725, 0.26927, 0, 0.26927
0.4475, 0.25, 0, 0, 0
0.4475, 0.2525, 0, 0, 0
0.4475, 0.255, 0, 0, 0
0.4475, 0.2575, 0, 0, 0
0.4475, 0.26, 0, 0, 0
0.4475, 0.2625, 0.015173, 0, 0.015173
0.4475, 0.265, 0.0156007, 0, 0.0156007
0.4475, 0.2675, 0.0183868, 0, 0.0183868
0.4475, 0.27, 0.0202415, 0, 0.0202415
0.4475, 0.2725, 0.0214962, 0, 0.0214962
0.4475, 0.275, 0.02388, 0, 0.02388
0.4475, 0.2775, 0.0259018, 0, 0.0259018
0.4475, 0.28, 0.028019, 0, 0.028019
0.4475, 0.2825, 0.0302505, 0, 0.0302505
0.4475, 0.285, 0.0325584, 0, 0.0325584
0.4475, 0.2875, 0.0374985, 0, 0.0374985
0.4475, 0.29, 0.0399464, 0, 0.0399464
0.4475, 0.2925, 0.0417664, 0, 0.0417664
0.4475, 0.295, 0.0449393, 0, 0.0449393
0.4475, 0.2975, 0.0479857, 0, 0.0479857
0.4475, 0.3, 0.0516546, 0, 0.0516546
0.4475, 0.3025, 0.0548172, 0, 0.0548172
0.4475, 0.305, 0.0607874, 0, 0.0607874
0.4475, 0.3075, 0.0649261, 0, 0.0649261
0.4475, 0.31, 0.0699525, 0, 0.0699525
0.4475, 0.3125, 0.0745741, 0, 0.0745741
0.4475, 0.315, 0.0760269, 0, 0.0760269
0.4475, 0.3175, 0.0817044, 0, 0.0817044
0.4475, 0.32, 0.0876891, 0, 0.0876891
0.4475, 0.3225, 0.0937233, 0, 0.0937233
0.4475, 0.325, 0.0983123, 0, 0.0983123
0.4475, 0.3275, 0.104355, 0, 0.104355
0.4475, 0.33, 0.11035, 0, 0.11035
0.4475, 0.3325, 0.116348, 0, 0.116348
0.4475, 0.335, 0.12461, 0, 0.12461
0.4475, 0.3375, 0.130634, 0, 0.130634
0.4475, 0.34, 0.136642, 0, 0.136642
0.4475, 0.3425, 0.147781, 0, 0.147781
0.4475, 0.345, 0.15358, 0, 0.15358
0.4475, 0.3475, 0.163847, 0, 0.163847
0.4475, 0.35, 0.165558, 0, 0.165558
0.4475, 0.3525, 0.178038, 0, 0.178038
0.4475, 0.355, 0.189754, 0, 0.189754
0.4475, 0.3575, 0.200275, 0, 0.200275
0.4475, 0.36, 0.208613, 0, 0.208613
0.4475, 0.3625, 0.217, 0, 0.217
0.4475, 0.365, 0.225983, 0, 0.225983
0.4475, 0.3675, 0.233307, 0, 0.233307
0.4475, 0.37, 0.248566, 0, 0.248566
0.4475, 0.3725, 0.263146, 0, 0.263146
0.45, 0.25, 0, 0, 0
0.45, 0.2525, 0, 0, 0
0.45, 0.255, 0, 0, 0
0.45, 0.2575, 0, 0, 0
0.45, 0.26, 0, 0, 0
0.45, 0.2625, 0.0138788, 0, 0.0138788
0.45, 0.265, 0.0153459, 0, 0.0153459
0.45, 0.2675, 0.0170925, 0, 0.0170925
0.45, 0.27, 0.0183868, 0, 0.0183868
0.45, 0.2725, 0.0207426, 0, 0.0207426
0.45, 0.275, 0.0229819, 0, 0.0229819
0.45, 0.2775, 0.0240902, 0, 0.0240902
0.45, 0.28, 0.0270552, 0, 0.0270552
0.45, 0.2825, 0.0291248, 0, 0.0291248
0.45, 0.285, 0.0311668, 0, 0.0311668
0.45, 0.2875, 0.0345174, 0, 0.0345174
0.45, 0.29, 0.0367196, 0, 0.0367196
0.45, 0.2925, 0.0401306, 0, 0.0401306
0.45, 0.295, 0.0428193, 0, 0.0428193
0.45, 0.2975, 0.0458696, 0, 0.0458696
0.45, 0.3, 0.0485992, 0, 0.0485992
0.45, 0.3025, 0.0523257, 0, 0.0523257
0.45, 0.305, 0.0562267, 0, 0.0562267
0.45, 0.3075, 0.0604001, 0, 0.0604001
0.45, 0.31, 0.0649261, 0, 0.0649261
0.45, 0.3125, 0.0721889, 0, 0.0721889
0.45, 0.315, 0.0735204, 0, 0.0735204
0.45, 0.3175, 0.076241, 0, 0.076241
0.45, 0.32, 0.0839996, 0, 0.0839996
0.45, 0.3225, 0.0889484, 0, 0.0889484
0.45, 0.325, 0.0962263, 0, 0.0962263
0.45, 0.3275, 0.10119, 0, 0.10119
0.45, 0.33, 0.106689, 0, 0.106689
0.45, 0.3325, 0.114485, 0, 0.114485
0.45, 0.335, 0.120771, 0, 0.120771
0.45, 0.3375, 0.126936, 0, 0.126936
0.45, 0.34, 0.131748, 0, 0.131748
0.45, 0.3425, 0.140729, 0, 0.140729
0.45, 0.345, 0.147781, 0, 0.147781
0.45, 0.3475, 0.154637, 0, 0.154637
0.45, 0.35, 0.165558, 0, 0.165558
0.45, 0.3525, 0.171837, 0, 0.171837
0.45, 0.355, 0.183274, 0, 0.183274
0.45, 0.3575, 0.190685, 0, 0.190685
0.45, 0.36, 0.204168, 0, 0.204168
0.45, 0.3625, 0.210901, 0, 0.210901
0.45, 0.365, 0.218658, 0, 0.218658
0.45, 0.3675, 0.228829, 0, 0.228829
0.45, 0.37, 0.233307, 0, 0.233307
0.45, 0.3725, 0.249228, 0, 0.249228
0.4525, 0.25, 0, 0, 0
0.4525, 0.2525, 0, 0, 0
0.4525, 0.255, 0, 0, 0
0.4525, 0.2575, 0, 0, 0
0.4525, 0.26, 0, 0, 0
0.4525, 0.2625, 0, 0, 0
0.4525, 0.265, 0.0150311, 0, 0.0150311
0.4525, 0.2675, 0.016541, 0, 0.016541
0.4525, 0.27, 0.0180171, 0, 0.0180171
0.4525, 0.2725, 0.0192076, 0, 0.0192076
0.4525, 0.275, 0.0202146, 0, 0.0202146
0.4525, 0.2775, 0.0225254, 0, 0.0225254
0.4525, 0.28, 0.0259018, 0, 0.0259018
0.4525, 0.2825, 0.028019, 0, 0.028019
0.4525, 0.285, 0.0302505, 0, 0.0302505
0.4525, 0.2875, 0.0325584, 0, 0.0325584
0.4525, 0.29, 0.0349808, 0, 0.0349808
0.4525, 0.2925, 0.0366659, 0, 0.0366659
0.4525, 0.295, 0.0401306, 0, 0.0401306
0.4525, 0.2975, 0.0428391, 0, 0.0428391
0.4525, 0.3, 0.0456619, 0, 0.0456619
0.4525, 0.3025, 0.0507601, 0, 0.0507601
0.4525, 0.305, 0.0530632, 0, 0.0530632
0.4525, 0.3075, 0.0580597, 0, 0.0580597
0.4525, 0.31, 0.0612374, 0, 0.0612374
0.4525, 0.3125, 0.0651159, 0, 0.0651159
0.4525, 0.315, 0.0710956, 0, 0.0710956
0.4525, 0.3175, 0.0752454, 0, 0.0752454
0.4525, 0.32, 0.0798647, 0, 0.0798647
0.4525, 0.3225, 0.0848219, 0, 0.0848219
0.4525, 0.325, 0.0907463, 0, 0.0907463
0.4525, 0.3275, 0.0968933, 0, 0.0968933
0.4525, 0.33, 0.101589, 0, 0.101589
0.4525, 0.3325, 0.108094, 0, 0.108094
0.4525, 0.335, 0.115738, 0, 0.115738
0.4525, 0.3375, 0.124135, 0, 0.124135
0.4525, 0.34, 0.130235, 0, 0.130235
0.4525, 0.3425, 0.133332, 0, 0.133332
0.4525, 0.345, 0.145405, 0, 0.145405
0.4525, 0.3475, 0.152432, 0, 0.152432
0.4525, 0.35, 0.159514, 0, 0.159514
0.4525, 0.3525, 0.165558, 0, 0.165558
0.4525, 0.355, 0.176814, 0, 0.176814
0.4525, 0.3575, 0.184479, 0, 0.184479
0.4525, 0.36, 0.191499, 0, 0.191499
0.4525, 0.3625, 0.20462, 0, 0.20462
0.4525, 0.365, 0.209546, 0, 0.209546
0.4525, 0.3675, 0.221374, 0, 0.221374
0.4525, 0.37, 0.231264, 0, 0.231264
0.4525, 0.3725, 0.238595, 0, 0.238595
0.455, 0.25, 0, 0, 0
0.455, 0.2525, 0, 0, 0
0.455, 0.255, 0, 0, 0
0.455, 0.2575, 0, 0, 0
0.455, 0.26, 0, 0, 0
0.455, 0.2625, 0, 0, 0
0.455, 0.265, 0, 0, 0
0.455, 0.2675, 0.0150961, 0, 0.0150961
0.455, 0.27, 0.0157425, 0, 0.0157425
0.455, 0.2725, 0.0183868, 0, 0.0183868
0.455, 0.275, 0.02009, 0, 0.02009
0.455, 0.2775, 0.0208206, 0, 0.0208206
0.455, 0.28, 0.0235877, 0, 0.0235877
0.455, 0.2825, 0.0259018, 0, 0.0259018
0.455, 0.285, 0.028019, 0, 0.028019
0.455, 0.2875, 0.0302505, 0, 0.0302505
0.455, 0.29, 0.0325584, 0, 0.0325584
0.455, 0.2925, 0.0371163, 0, 0.0371163
0.455, 0.295, 0.0389249, 0, 0.0389249
0.455, 0.2975, 0.0404511, 0, 0.0404511
0.455, 0.3, 0.0455862, 0, 0.0455862
0.455, 0.3025, 0.0466318, 0, 0.0466318
0.455, 0.305, 0.051651, 0, 0.051651
0.455, 0.3075, 0.0548172, 0, 0.0548172
0.455, 0.31, 0.0592387, 0, 0.0592387
0.455, 0.3125, 0.0637857, 0, 0.0637857
0.455, 0.315, 0.0684791, 0, 0.0684791
0.455, 0.3175, 0.0712903, 0, 0.0712903
0.455, 0.32, 0.0760269, 0, 0.0760269
0.455, 0.3225, 0.0799561, 0, 0.0799561
0.455, 0.325, 0.0878645, 0, 0.0878645
0.455, 0.3275, 0.0924683, 0, 0.0924683
0.455, 0.33, 0.0968933, 0, 0.0968933
0.455, 0.3325, 0.103384, 0, 0.103384
0.455, 0.335, 0.109358, 0, 0.109358
0.455, 0.3375, 0.115738, 0, 0.115738
0.455, 0.34, 0.125461, 0, 0.125461
0.455, 0.3425, 0.126101, 0, 0.126101
0.455, 0.345, 0.136879, 0, 0.136879
0.455, 0.3475, 0.147781, 0, 0.147781
0.455, 0.35, 0.15358, 0, 0.15358
0.455, 0.3525, 0.162889, 0, 0.162889
0.455, 0.355, 0.165558, 0, 0.165558
0.455, 0.3575, 0.177806, 0, 0.177806
0.455, 0.36, 0.187174, 0, 0.187174
0.455, 0.3625, 0.194908, 0, 0.194908
0.455, 0.365, 0.20462, 0, 0.20462
0.455, 0.3675, 0.211463, 0, 0.211463
0.455, 0.37, 0.225983, 0, 0.225983
0.455, 0.3725, 0.233307, 0, 0.233307
0.4575, 0.25, 0, 0, 0
0.4575, 0.2525, 0, 0, 0
0.4575, 0.255, 0, 0, 0
0.4575, 0.2575, 0, 0, 0
0.4575, 0.26, 0, 0, 0
0.4575, 0.2625, 0, 0, 0
0.4575, 0.265, 0, 0, 0
0.4575, 0.2675, 0.0139494, 0, 0.0139494
0.4575, 0.27, 0.0154861, 0, 0.0154861
0.4575, 0.2725, 0.0167774, 0, 0.0167774
0.4575, 0.275, 0.0183868, 0, 0.0183868
0.4575, 0.2775, 0.0201225, 0, 0.0201225
0.4575, 0.28, 0.0225232, 0, 0.0225232
0.4575, 0.2825, 0.02388, 0, 0.02388
0.4575, 0.285, 0.0264594, 0, 0.0264594
0.4575, 0.2875, 0.0294539, 0, 0.0294539
0.4575, 0.29, 0.0307915, 0, 0.0307915
0.4575, 0.2925, 0.0336977, 0, 0.0336977
0.4575, 0.295, 0.0362158, 0, 0.0362158
0.4575, 0.2975, 0.0401306, 0, 0.0401306
0.4575, 0.3, 0.0417422, 0, 0.0417422
0.4575, 0.3025, 0.0456619, 0, 0.0456619
0.4575, 0.305, 0.0485992, 0, 0.0485992
0.4575, 0.3075, 0.0528882, 0, 0.0528882
0.4575, 0.31, 0.0548172, 0, 0.0548172
0.4575, 0.3125, 0.0614103, 0, 0.0614103
0.4575, 0.315, 0.0649261, 0, 0.0649261
0.4575, 0.3175, 0.0706706, 0, 0.0706706
0.4575, 0.32, 0.0740162, 0, 0.0740162
0.4575, 0.3225, 0.0760269, 0, 0.0760269
0.4575, 0.325, 0.0831847, 0, 0.0831847
0.4575, 0.3275, 0.0882211, 0, 0.0882211
0.4575, 0.33, 0.0940013, 0, 0.0940013
0.4575, 0.3325, 0.0985222, 0, 0.0985222
0.4575, 0.335, 0.105864, 0, 0.105864
0.4575, 0.3375, 0.111418, 0, 0.111418
0.4575, 0.34, 0.11754, 0, 0.11754
0.4575, 0.3425, 0.125648, 0, 0.125648
0.4575, 0.345, 0.130295, 0, 0.130295
0.4575, 0.3475, 0.138814, 0, 0.138814
0.4575, 0.35, 0.147781, 0, 0.147781
0.4575, 0.3525, 0.15358, 0, 0.15358
0.4575, 0.355, 0.165173, 0, 0.165173
0.4575, 0.3575, 0.165558, 0, 0.165558
0.4575, 0.36, 0.178482, 0, 0.178482
0.4575, 0.3625, 0.189977, 0, 0.189977
0.4575, 0.365, 0.198388, 0, 0.198388
0.4575, 0.3675, 0.208843, 0, 0.208843
0.4575, 0.37, 0.217123, 0, 0.217123
0.4575, 0.3725, 0.225983, 0, 0.225983
0.46, 0.25, 0, 0, 0
0.46, 0.2525, 0, 0, 0
0.46, 0.255, 0, 0, 0
0.46, 0.2575, 0, 0, 0
0.46, 0.26, 0, 0, 0
0.46, 0.2625, 0, 0, 0
0.46, 0.265, 0, 0, 0
0.46, 0.2675, 0, 0, 0
0.46, 0.27, 0.0150647, 0, 0.0150647
0.46, 0.2725, 0.0165276, 0, 0.0165276
0.46, 0.275, 0.0172293, 0, 0.0172293
0.46, 0.2775, 0.0193989, 0, 0.0193989
0.46, 0.28, 0.0201396, 0, 0.0201396
0.46, 0.2825, 0.0229157, 0, 0.0229157
0.46, 0.285, 0.0256703, 0, 0.0256703
0.46, 0.2875, 0.028019, 0, 0.028019
0.46, 0.29, 0.0302505, 0, 0.0302505
0.46, 0.2925, 0.0325584, 0, 0.0325584
0.46, 0.295, 0.0349808, 0, 0.0349808
0.46, 0.2975, 0.0367789, 0, 0.0367789
0.46, 0.3, 0.0401306, 0, 0.0401306
0.46, 0.3025, 0.0431846, 0, 0.0431846
0.46, 0.305, 0.0456619, 0, 0.0456619
0.46, 0.3075, 0.0494033, 0, 0.0494033
0.46, 0.31, 0.0541933, 0, 0.0541933
0.46, 0.3125, 0.057798, 0, 0.057798
0.46, 0.315, 0.0614166, 0, 0.0614166
0.46, 0.3175, 0.0649261, 0, 0.0649261
0.46, 0.32, 0.0718938, 0, 0.0718938
0.46, 0.3225, 0.0751293, 0, 0.0751293
0.46, 0.325, 0.0776795, 0, 0.0776795
0.46, 0.3275, 0.0841324, 0, 0.0841324
0.46, 0.33, 0.0892238, 0, 0.0892238
0.46, 0.3325, 0.0968933, 0, 0.0968933
0.46, 0.335, 0.100108, 0, 0.100108
0.46, 0.3375, 0.108719, 0, 0.108719
0.46, 0.34, 0.11564, 0, 0.11564
0.46, 0.3425, 0.121894, 0, 0.121894
0.46, 0.345, 0.127186, 0, 0.127186
0.46, 0.3475, 0.132551, 0, 0.132551
0.46, 0.35, 0.14183, 0, 0.14183
0.46, 0.3525, 0.148338, 0, 0.148338
0.46, 0.355, 0.155345, 0, 0.155345
0.46, 0.3575, 0.165558, 0, 0.165558
0.46, 0.36, 0.174006, 0, 0.174006
0.46, 0.3625, 0.182476, 0, 0.182476
0.46, 0.365, 0.191184, 0, 0.191184
0.46, 0.3675, 0.202101, 0, 0.202101
0.46, 0.37, 0.209782, 0, 0.209782
0.46, 0.3725, 0.218658, 0, 0.218658
0.4625, 0.25, 0, 0, 0
0.4625, 0.2525, 0, 0, 0
0.4625, 0.255, 0, 0, 0
0.4625, 0.2575, 0, 0, 0
0.4625, 0.26, 0, 0, 0
0.4625, 0.2625, 0, 0, 0
0.4625, 0.265, 0, 0, 0
0.4625, 0.2675, 0, 0, 0
0.4625, 0.27, 0, 0, 0
0.4625, 0.2725, 0.0145588, 0, 0.0145588
0.4625, 0.275, 0.0165188, 0, 0.0165188
0.4625, 0.2775, 0.0183212, 0, 0.0183212
0.4625, 0.28, 0.0199546, 0, 0.0199546
0.4625, 0.2825, 0.0211303, 0, 0.0211303
0.4625, 0.285, 0.0236256, 0, 0.0236256
0.4625, 0.2875, 0.0259018, 0, 0.0259018
0.4625, 0.29, 0.028019, 0, 0.028019
0.4625, 0.2925, 0.0302505, 0, 0.0302505
0.4625, 0.295, 0.0325584, 0, 0.0325584
0.4625, 0.2975, 0.0361723, 0, 0.0361723
0.4625, 0.3, 0.0374985, 0, 0.0374985
0.4625, 0.3025, 0.0401306, 0, 0.0401306
0.4625, 0.305, 0.044908, 0, 0.044908
0.4625, 0.3075, 0.0456619, 0, 0.0456619
0.4625, 0.31, 0.051651, 0, 0.051651
0.4625, 0.3125, 0.054808, 0, 0.054808
0.4625, 0.315, 0.0579756, 0, 0.0579756
0.4625, 0.3175, 0.061996, 0, 0.061996
0.4625, 0.32, 0.0665944, 0, 0.0665944
0.4625, 0.3225, 0.071449, 0, 0.071449
0.4625, 0.325, 0.0760269, 0, 0.0760269
0.4625, 0.3275, 0.0799561, 0, 0.0799561
0.4625, 0.33, 0.0862892, 0, 0.0862892
0.4625, 0.3325, 0.092104, 0, 0.092104
0.4625, 0.335, 0.0968933, 0, 0.0968933
0.4625, 0.3375, 0.102715, 0, 0.102715
0.4625, 0.34, 0.110399, 0, 0.110399
0.4625, 0.3425, 0.11569, 0, 0.11569
0.4625, 0.345, 0.125886, 0, 0.125886
0.4625, 0.3475, 0.128329, 0, 0.128329
0.4625, 0.35, 0.135347, 0, 0.135347
0.4625, 0.3525, 0.146189, 0, 0.146189
0.4625, 0.355, 0.153131, 0, 0.153131
0.4625, 0.3575, 0.160154, 0, 0.160154
0.4625, 0.36, 0.165558, 0, 0.165558
0.4625, 0.3625, 0.177373, 0, 0.177373
0.4625, 0.365, 0.183766, 0, 0.183766
0.4625, 0.3675, 0.193815, 0, 0.193815
0.4625, 0.37, 0.20462, 0, 0.20462
0.4625, 0.3725, 0.207437, 0, 0.207437
0.465, 0.25, 0, 0, 0
0.465, 0.2525, 0, 0, 0
0.465, 0.255, 0, 0, 0
0.465, 0.2575, 0, 0, 0
0.465, 0.26, 0, 0, 0
0.465, 0.2625, 0, 0, 0
0.465, 0.265, 0, 0, 0
0.465, 0.2675, 0, 0, 0
0.465, 0.27, 0, 0, 0
0.465, 0.2725, 0.312186, 0, 0.312186
0.465, 0.275, 0.0156662, 0, 0.0156662
0.465, 0.2775, 0.016724, 0, 0.016724
0.465, 0.28, 0.0185221, 0, 0.0185221
0.465, 0.2825, 0.0201225, 0, 0.0201225
0.465, 0.285, 0.0220206, 0, 0.0220206
0.465, 0.2875, 0.02388, 0, 0.02388
0.465, 0.29, 0.0259018, 0, 0.0259018
0.465, 0.2925, 0.0287703, 0, 0.0287703
0.465, 0.295, 0.0312424, 0, 0.0312424
0.465, 0.2975, 0.0327895, 0, 0.0327895
0.465, 0.3, 0.0363348, 0, 0.0363348
0.465, 0.3025, 0.0391942, 0, 0.0391942
0.465, 0.305, 0.0405841, 0, 0.0405841
0.465, 0.3075, 0.0456619, 0, 0.0456619
0.465, 0.31, 0.0481284, 0, 0.0481284
0.465, 0.3125, 0.0521655, 0, 0.0521655
0.465, 0.315, 0.0548172, 0, 0.0548172
0.465, 0.3175, 0.0607023, 0, 0.0607023
0.465, 0.32, 0.0649261, 0, 0.0649261
0.465, 0.3225, 0.0688946, 0, 0.0688946
0.465, 0.325, 0.0723364, 0, 0.0723364
0.465, 0.3275, 0.0760269, 0, 0.0760269
0.465, 0.33, 0.0806028, 0, 0.0806028
0.465, 0.3325, 0.0872804, 0, 0.0872804
0.465, 0.335, 0.0924683, 0, 0.0924683
0.465, 0.3375, 0.0968933, 0, 0.0968933
0.465, 0.34, 0.105776, 0, 0.105776
0.465, 0.3425, 0.110855, 0, 0.110855
0.465, 0.345, 0.115738, 0, 0.115738
0.465, 0.3475, 0.124229, 0, 0.124229
0.465, 0.35, 0.126643, 0, 0.126643
0.465, 0.3525, 0.137877, 0, 0.137877
0.465, 0.355, 0.147781, 0, 0.147781
0.465, 0.3575, 0.15358, 0, 0.15358
0.465, 0.36, 0.164697, 0, 0.164697
0.465, 0.3625, 0.165722, 0, 0.165722
0.465, 0.365, 0.17807, 0, 0.17807
0.465, 0.3675, 0.186118, 0, 0.186118
0.465, 0.37, 0.194175, 0, 0.194175
0.465, 0.3725, 0.20462, 0, 0.20462
0.4675, 0.25, 0, 0, 0
0.4675, 0.2525, 0, 0, 0
0.4675, 0.255, 0, 0, 0
0.4675, 0.2575, 0, 0, 0
0.4675, 0.26, 0, 0, 0
0.4675, 0.2625, 0, 0, 0
0.4675, 0.265, 0, 0, 0
0.4675, 0.2675, 0, 0, 0
0.4675, 0.27, 0, 0, 0
0.4675, 0.2725, 0, 0, 0
0.4675, 0.275, 0.0151631, 0, 0.0151631
0.4675, 0.2775, 0.0166577, 0, 0.0166577
0.4675, 0.28, 0.016737, 0, 0.016737
0.4675, 0.2825, 0.0192593, 0, 0.0192593
0.4675, 0.285, 0.0201225, 0, 0.0201225
0.4675, 0.2875, 0.0223302, 0, 0.0223302
0.4675, 0.29, 0.0248292, 0, 0.0248292
0.4675, 0.2925, 0.0271505, 0, 0.0271505
0.4675, 0.295, 0.0302505, 0, 0.0302505
0.4675, 0.2975, 0.0324313, 0, 0.0324313
0.4675, 0.3, 0.0349808, 0, 0.0349808
0.4675, 0.3025, 0.0363906, 0, 0.0363906
0.4675, 0.305, 0.039902, 0, 0.039902
0.4675, 0.3075, 0.0430623, 0, 0.0430623
0.4675, 0.31, 0.0456619, 0, 0.0456619
0.4675, 0.3125, 0.0485992, 0, 0.0485992
0.4675, 0.315, 0.0548172, 0, 0.0548172
0.4675, 0.3175, 0.0556581, 0, 0.0556581
0.4675, 0.32, 0.0614166, 0, 0.0614166
0.4675, 0.3225, 0.0649261, 0, 0.0649261
0.4675, 0.325, 0.0698267, 0, 0.0698267
0.4675, 0.3275, 0.0743276, 0, 0.0743276
0.4675, 0.33, 0.0760269, 0, 0.0760269
0.4675, 0.3325, 0.0826528, 0, 0.0826528
0.4675, 0.335, 0.0890762, 0, 0.0890762
0.4675, 0.3375, 0.0951398, 0, 0.0951398
0.4675, 0.34, 0.0972672, 0, 0.0972672
0.4675, 0.3425, 0.106491, 0, 0.106491
0.4675, 0.345, 0.112051, 0, 0.112051
0.4675, 0.3475, 0.118431, 0, 0.118431
0.4675, 0.35, 0.123291, 0, 0.123291
0.4675, 0.3525, 0.131027, 0, 0.131027
0.4675, 0.355, 0.141239, 0, 0.141239
0.4675, 0.3575, 0.147781, 0, 0.147781
0.4675, 0.36, 0.153851, 0, 0.153851
0.4675, 0.3625, 0.164227, 0, 0.164227
0.4675, 0.365, 0.167544, 0, 0.167544
0.4675, 0.3675, 0.178414, 0, 0.178414
0.4675, 0.37, 0.188143, 0, 0.188143
0.4675, 0.3725, 0.195802, 0, 0.195802
0.47, 0.25, 0, 0, 0
0.47, 0.2525, 0, 0, 0
0.47, 0.255, 0, 0, 0
0.47, 0.2575, 0, 0, 0
0.47, 0.26, 0, 0, 0
0.47, 0.2625, 0, 0, 0
0.47, 0.265, 0, 0, 0
0.47, 0.2675, 0, 0, 0
0.47, 0.27, 0, 0, 0
0.47, 0.2725, 0, 0, 0
0.47, 0.275, 0, 0, 0
0.47, 0.2775, 0.0137793, 0, 0.0137793
0.47, 0.28, 0.0162977, 0, 0.0162977
0.47, 0.2825, 0.0175106, 0, 0.0175106
0.47, 0.285, 0.0193274, 0, 0.0193274
0.47, 0.2875, 0.0214929, 0, 0.0214929
0.47, 0.29, 0.0236137, 0, 0.0236137
0.47, 0.2925, 0.0255757, 0, 0.0255757
0.47, 0.295, 0.0279745, 0, 0.0279745
0.47, 0.2975, 0.0302505, 0, 0.0302505
0.47, 0.3, 0.0325513, 0, 0.0325513
0.47, 0.3025, 0.0351055, 0, 0.0351055
0.47, 0.305, 0.0374985, 0, 0.0374985
0.47, 0.3075, 0.0401306, 0, 0.0401306
0.47, 0.31, 0.0451524, 0, 0.0451524
0.47, 0.3125, 0.0456619, 0, 0.0456619
0.47, 0.315, 0.0504065, 0, 0.0504065
0.47, 0.3175, 0.0548172, 0, 0.0548172
0.47, 0.32, 0.0568708, 0, 0.0568708
0.47, 0.3225, 0.0614166, 0, 0.0614166
0.47, 0.325, 0.0649261, 0, 0.0649261
0.47, 0.3275, 0.0719784, 0, 0.0719784
0.47, 0.33, 0.0755124, 0, 0.0755124
0.47, 0.3325, 0.078857, 0, 0.078857
0.47, 0.335, 0.0863271, 0, 0.0863271
0.47, 0.3375, 0.0916211, 0, 0.0916211
0.47, 0.34, 0.0968933, 0, 0.0968933
0.47, 0.3425, 0.1002, 0, 0.1002
0.47, 0.345, 0.109595, 0, 0.109595
0.47, 0.3475, 0.114232, 0, 0.114232
0.47, 0.35, 0.122712, 0, 0.122712
0.47, 0.3525, 0.125581, 0, 0.125581
0.47, 0.355, 0.134662, 0, 0.134662
0.47, 0.3575, 0.142132, 0, 0.142132
0.47, 0.36, 0.148742, 0, 0.148742
0.47, 0.3625, 0.156551, 0, 0.156551
0.47, 0.365, 0.164593, 0, 0.164593
0.47, 0.3675, 0.173206, 0, 0.173206
0.47, 0.37, 0.180319, 0, 0.180319
0.47, 0.3725, 0.191346, 0, 0.191346
0.4725, 0.25, 0, 0, 0
0.4725, 0.2525, 0, 0, 0
0.4725, 0.255, 0, 0, 0
0.4725, 0.2575, 0, 0, 0
0.4725, 0.26, 0, 0, 0
0.4725, 0.2625, 0, 0, 0
0.4725, 0.265, 0, 0, 0
0.4725, 0.2675, 0, 0, 0
0.4725, 0.27, 0, 0, 0
0.4725, 0.2725, 0, 0, 0
0.4725, 0.275, 0, 0, 0
0.4725, 0.2775, 1.18639, 0, 1.18639
0.4725, 0.28, 0.0153348, 0, 0.0153348
0.4725, 0.2825, 0.0163993, 0, 0.0163993
0.4725, 0.285, 0.0183822, 0, 0.0183822
0.4725, 0.2875, 0.0201225, 0, 0.0201225
0.4725, 0.29, 0.0219536, 0, 0.0219536
0.4725, 0.2925, 0.02388, 0, 0.02388
0.4725, 0.295, 0.0259018, 0, 0.0259018
0.4725, 0.2975, 0.028019, 0, 0.028019
0.4725, 0.3, 0.030999, 0, 0.030999
0.4725, 0.3025, 0.0325584, 0, 0.0325584
0.4725, 0.305, 0.0364447, 0, 0.0364447
0.4725, 0.3075, 0.0378832, 0, 0.0378832
0.4725, 0.31, 0.0401306, 0, 0.0401306
0.4725, 0.3125, 0.0456619, 0, 0.0456619
0.4725, 0.315, 0.0470262, 0, 0.0470262
0.4725, 0.3175, 0.0512636, 0, 0.0512636
0.4725, 0.32, 0.0548172, 0, 0.0548172
0.4725, 0.3225, 0.0588862, 0, 0.0588862
0.4725, 0.325, 0.0632809, 0, 0.0632809
0.4725, 0.3275, 0.0676543, 0, 0.0676543
0.4725, 0.33, 0.0722872, 0, 0.0722872
0.4725, 0.3325, 0.0760269, 0, 0.0760269
0.4725, 0.335, 0.0799561, 0, 0.0799561
0.4725, 0.3375, 0.0853855, 0, 0.0853855
0.4725, 0.34, 0.0924683, 0, 0.0924683
0.4725, 0.3425, 0.0968037, 0, 0.0968037
0.4725, 0.345, 0.104059, 0, 0.104059
0.4725, 0.3475, 0.110473, 0, 0.110473
0.4725, 0.35, 0.115728, 0, 0.115728
0.4725, 0.3525, 0.125253, 0, 0.125253
0.4725, 0.355, 0.126569, 0, 0.126569
0.4725, 0.3575, 0.136526, 0, 0.136526
0.4725, 0.36, 0.146203, 0, 0.146203
0.4725, 0.3625, 0.152269, 0, 0.152269
0.4725, 0.365, 0.160134, 0, 0.160134
0.4725, 0.3675, 0.165558, 0, 0.165558
0.4725, 0.37, 0.176193, 0, 0.176193
0.4725, 0.3725, 0.182995, 0, 0.182995
0.475, 0.25, 0, 0, 0
0.475, 0.2525, 0, 0, 0
0.475, 0.255, 0, 0, 0
0.475, 0.2575, 0, 0, 0
0.475, 0.26, 0, 0, 0
0.475, 0.2625, 0, 0, 0
0.475, 0.265, 0, 0, 0
0.475, 0.2675, 0, 0, 0
0.475, 0.27, 0, 0, 0
0.475, 0.2725, 0, 0, 0
0.475, 0.275, 0, 0, 0
0.475, 0.2775, 0, 0, 0
0.475, 0.28, 0.015173, 0, 0.015173
0.475, 0.2825, 0.0159427, 0, 0.0159427
0.475, 0.285, 0.016737, 0, 0.016737
0.475, 0.2875, 0.0199932, 0, 0.0199932
0.475, 0.29, 0.0202573, 0, 0.0202573
0.475, 0.2925, 0.0219536, 0, 0.0219536
0.475, 0.295, 0.0240505, 0, 0.0240505
0.475, 0.2975, 0.0261428, 0, 0.0261428
0.475, 0.3, 0.0301387, 0, 0.0301387
0.475, 0.3025, 0.0320666, 0, 0.0320666
0.475, 0.305, 0.0341473, 0, 0.0341473
0.475, 0.3075, 0.0365127, 0, 0.0365127
0.475, 0.31, 0.0387108, 0, 0.0387108
0.475, 0.3125, 0.0418966, 0, 0.0418966
0.475, 0.315, 0.0456619, 0, 0.0456619
0.475, 0.3175, 0.0485992, 0, 0.0485992
0.475, 0.32, 0.0534742, 0, 0.0534742
0.475, 0.3225, 0.0548172, 0, 0.0548172
0.475, 0.325, 0.0614166, 0, 0.0614166
0.475, 0.3275, 0.064771, 0, 0.064771
0.475, 0.33, 0.0682459, 0, 0.0682459
0.475, 0.3325, 0.0737441, 0, 0.0737441
0.475, 0.335, 0.0760269, 0, 0.0760269
0.475, 0.3375, 0.0804429, 0, 0.0804429
0.475, 0.34, 0.0871066, 0, 0.0871066
0.475, 0.3425, 0.0927216, 0, 0.0927216
0.475, 0.345, 0.0978752, 0, 0.0978752
0.475, 0.3475, 0.106125, 0, 0.106125
0.475, 0.35, 0.110855, 0, 0.110855
0.475, 0.3525, 0.115738, 0, 0.115738
0.475, 0.355, 0.12179, 0, 0.12179
0.475, 0.3575, 0.127182, 0, 0.127182
0.475, 0.36, 0.138976, 0, 0.138976
0.475, 0.3625, 0.147304, 0, 0.147304
0.475, 0.365, 0.15316, 0, 0.15316
0.475, 0.3675, 0.162527, 0, 0.162527
0.475, 0.37, 0.166081, 0, 0.166081
0.475, 0.3725, 0.17807, 0, 0.17807
0.4775, 0.25, 0, 0, 0
0.4775, 0.2525, 0, 0, 0
0.4775, 0.255, 0, 0, 0
0.4775, 0.2575, 0, 0, 0
0.4775, 0.26, 0, 0, 0
0.4775, 0.2625, 0, 0, 0
0.4775, 0.265, 0, 0, 0
0.4775, 0.2675, 0, 0, 0
0.4775, 0.27, 0, 0, 0
0.4775, 0.2725, 0, 0, 0
0.4775, 0.275, 0, 0, 0
0.4775, 0.2775, 0, 0, 0
0.4775, 0.28, 0, 0, 0
0.4775, 0.2825, 0.0139309, 0, 0.0139309
0.4775, 0.285, 0.0155925, 0, 0.0155925
0.4775, 0.2875, 0.016788, 0, 0.016788
0.4775, 0.29, 0.0187605, 0, 0.0187605
0.4775, 0.2925, 0.0213311, 0, 0.0213311
0.4775, 0.295, 0.0225997, 0, 0.0225997
0.4775, 0.2975, 0.0246095, 0, 0.0246095
0.4775, 0.3, 0.0271128, 0, 0.0271128
0.4775, 0.3025, 0.0298086, 0, 0.0298086
0.4775, 0.305, 0.0318708, 0, 0.0318708
0.4775, 0.3075, 0.0349808, 0, 0.0349808
0.4775, 0.31, 0.0374738, 0, 0.0374738
0.4775, 0.3125, 0.0401306, 0, 0.0401306
0.4775, 0.315, 0.044202, 0, 0.044202
0.4775, 0.3175, 0.0456619, 0, 0.0456619
0.4775, 0.32, 0.048872, 0, 0.048872
0.4775, 0.3225, 0.0548172, 0, 0.0548172
0.4775, 0.325, 0.0550582, 0, 0.0550582
0.4775, 0.3275, 0.0614311, 0, 0.0614311
0.4775, 0.33, 0.0652142, 0, 0.0652142
0.4775, 0.3325, 0.0697789, 0, 0.0697789
0.4775, 0.335, 0.0739064, 0, 0.0739064
0.4775, 0.3375, 0.0763893, 0, 0.0763893
0.4775, 0.34, 0.082839, 0, 0.082839
0.4775, 0.3425, 0.0906345, 0, 0.0906345
0.4775, 0.345, 0.0954394, 0, 0.0954394
0.4775, 0.3475, 0.0986361, 0, 0.0986361
0.4775, 0.35, 0.106676, 0, 0.106676
0.4775, 0.3525, 0.111602, 0, 0.111602
0.4775, 0.355, 0.119038, 0, 0.119038
0.4775, 0.3575, 0.12106, 0, 0.12106
0.4775, 0.36, 0.131459, 0, 0.131459
0.4775, 0.3625, 0.141855, 0, 0.141855
0.4775, 0.365, 0.147781, 0, 0.147781
0.4775, 0.3675, 0.155253, 0, 0.155253
0.4775, 0.37, 0.161844, 0, 0.161844
0.4775, 0.3725, 0.169714, 0, 0.169714
0.48, 0.25, 0, 0, 0
0.48, 0.2525, 0, 0, 0
0.48, 0.255, 0, 0, 0
0.48, 0.2575, 0, 0, 0
0.48, 0.26, 0, 0, 0
0.48, 0.2625, 0, 0, 0
0.48, 0.265, 0, 0, 0
0.48, 0.2675, 0, 0, 0
0.48, 0.27, 0, 0, 0
0.48, 0.2725, 0, 0, 0
0.48, 0.275, 0, 0, 0
0.48, 0.2775, 0, 0, 0
0.48, 0.28, 0, 0, 0
0.48, 0.2825, 0, 0, 0
0.48, 0.285, 0.0149644, 0, 0.0149644
0.48, 0.2875, 0.0156556, 0, 0.0156556
0.48, 0.29, 0.017853, 0, 0.017853
0.48, 0.2925, 0.0201225, 0, 0.0201225
0.48, 0.295, 0.0219536, 0, 0.0219536
0.48, 0.2975, 0.0236135, 0, 0.0236135
0.48, 0.3, 0.0259018, 0, 0.0259018
0.48, 0.3025, 0.028019, 0, 0.028019
0.48, 0.305, 0.0301586, 0, 0.0301586
0.48, 0.3075, 0.0325584, 0, 0.0325584
0.48, 0.31, 0.0352648, 0, 0.0352648
0.48, 0.3125, 0.0374985, 0, 0.0374985
0.48, 0.315, 0.0406223, 0, 0.0406223
0.48, 0.3175, 0.0451653, 0, 0.0451653
0.48, 0.32, 0.0469833, 0, 0.0469833
0.48, 0.3225, 0.0496801, 0, 0.0496801
0.48, 0.325, 0.0548172, 0, 0.0548172
0.48, 0.3275, 0.0570883, 0, 0.0570883
0.48, 0.33, 0.062241, 0, 0.062241
0.48, 0.3325, 0.0665443, 0, 0.0665443
0.48, 0.335, 0.0710611, 0, 0.0710611
0.48, 0.3375, 0.0752164, 0, 0.0752164
0.48, 0.34, 0.0797869, 0, 0.0797869
0.48, 0.3425, 0.0872307, 0, 0.0872307
0.48, 0.345, 0.0924683, 0, 0.0924683
0.48, 0.3475, 0.0952741, 0, 0.0952741
0.48, 0.35, 0.101165, 0, 0.101165
0.48, 0.3525, 0.107958, 0, 0.107958
0.48, 0.355, 0.112901, 0, 0.112901
0.48, 0.3575, 0.123244, 0, 0.123244
0.48, 0.36, 0.124387, 0, 0.124387
0.48, 0.3625, 0.134852, 0, 0.134852
0.48, 0.365, 0.14042, 0, 0.14042
0.48, 0.3675, 0.148426, 0, 0.148426
0.48, 0.37, 0.15804, 0, 0.15804
0.48, 0.3725, 0.163546, 0, 0.163546
0.4825, 0.25, 0, 0, 0
0.4825, 0.2525, 0, 0, 0
0.4825, 0.255, 0, 0, 0
0.4825, 0.2575, 0, 0, 0
0.4825, 0.26, 0, 0, 0
0.4825, 0.2625, 0, 0, 0
0.4825, 0.265, 0, 0, 0
0.4825, 0.2675, 0, 0, 0
0.4825, 0.27, 0, 0, 0
0.4825, 0.2725, 0, 0, 0
0.4825, 0.275, 0, 0, 0
0.4825, 0.2775, 0, 0, 0
0.4825, 0.28, 0, 0, 0
0.4825, 0.2825, 0, 0, 0
0.4825, 0.285, 0.015173, 0, 0.015173
0.4825, 0.2875, 0.0152395, 0, 0.0152395
0.4825, 0.29, 0.016934, 0, 0.016934
0.4825, 0.2925, 0.0195871, 0, 0.0195871
0.4825, 0.295, 0.0202049, 0, 0.0202049
0.4825, 0.2975, 0.0219536, 0, 0.0219536
0.4825, 0.3, 0.0238974, 0, 0.0238974
0.4825, 0.3025, 0.0259018, 0, 0.0259018
0.4825, 0.305, 0.0291845, 0, 0.0291845
0.4825, 0.3075, 0.0310284, 0, 0.0310284
0.4825, 0.31, 0.0330297, 0, 0.0330297
0.4825, 0.3125, 0.0362853, 0, 0.0362853
0.4825, 0.315, 0.0378971, 0, 0.0378971
0.4825, 0.3175, 0.041367, 0, 0.041367
0.4825, 0.32, 0.0456619, 0, 0.0456619
0.4825, 0.3225, 0.0483871, 0, 0.0483871
0.4825, 0.325, 0.0517134, 0, 0.0517134
0.4825, 0.3275, 0.0550691, 0, 0.0550691
0.4825, 0.33, 0.0599653, 0, 0.0599653
0.4825, 0.3325, 0.0633657, 0, 0.0633657
0.4825, 0.335, 0.0666085, 0, 0.0666085
0.4825, 0.3375, 0.073167, 0, 0.073167
0.4825, 0.34, 0.0760269, 0, 0.0760269
0.4825, 0.3425, 0.080155, 0, 0.080155
0.4825, 0.345, 0.0850464, 0, 0.0850464
0.4825, 0.3475, 0.0929015, 0, 0.0929015
0.4825, 0.35, 0.0968602, 0, 0.0968602
0.4825, 0.3525, 0.104705, 0, 0.104705
0.4825, 0.355, 0.110473, 0, 0.110473
0.4825, 0.3575, 0.115738, 0, 0.115738
0.4825, 0.36, 0.12445, 0, 0.12445
0.4825, 0.3625, 0.126511, 0, 0.126511
0.4825, 0.365, 0.135996, 0, 0.135996
0.4825, 0.3675, 0.144153, 0, 0.144153
0.4825, 0.37, 0.150076, 0, 0.150076
0.4825, 0.3725, 0.159735, 0, 0.159735
0.485, 0.25, 0, 0, 0
0.485, 0.2525, 0, 0, 0
0.485, 0.255, 0, 0, 0
0.485, 0.2575, 0, 0, 0
0.485, 0.26, 0, 0, 0
0.485, 0.2625, 0, 0, 0
0.485, 0.265, 0, 0, 0
0.485, 0.2675, 0, 0, 0
0.485, 0.27, 0, 0, 0
0.485, 0.2725, 0, 0, 0
0.485, 0.275, 0, 0, 0
0.485, 0.2775, 0, 0, 0
0.485, 0.28, 0, 0, 0
0.485, 0.2825, 0, 0, 0
0.485, 0.285, 0, 0, 0
0.485, 0.2875, 0.0143869, 0, 0.0143869
0.485, 0.29, 0.0151941, 0, 0.0151941
0.485, 0.2925, 0.016737, 0, 0.016737
0.485, 0.295, 0.019634, 0, 0.019634
0.485, 0.2975, 0.0216224, 0, 0.0216224
0.485, 0.3, 0.0219625, 0, 0.0219625
0.485, 0.3025, 0.0243108, 0, 0.0243108
0.485, 0.305, 0.0262075, 0, 0.0262075
0.485, 0.3075, 0.0295915, 0, 0.0295915
0.485, 0.31, 0.0307053, 0, 0.0307053
0.485, 0.3125, 0.0349808, 0, 0.0349808
0.485, 0.315, 0.0374985, 0, 0.0374985
0.485, 0.3175, 0.0397374, 0, 0.0397374
0.485, 0.32, 0.042921, 0, 0.042921
0.485, 0.3225, 0.0456619, 0, 0.0456619
0.485, 0.325, 0.0485992, 0, 0.0485992
0.485, 0.3275, 0.0545621, 0, 0.0545621
0.485, 0.33, 0.0556227, 0, 0.0556227
0.485, 0.3325, 0.0614166, 0, 0.0614166
0.485, 0.335, 0.0643328, 0, 0.0643328
0.485, 0.3375, 0.0684015, 0, 0.0684015
0.485, 0.34, 0.0750394, 0, 0.0750394
0.485, 0.3425, 0.0762641, 0, 0.0762641
0.485, 0.345, 0.0802452, 0, 0.0802452
0.485, 0.3475, 0.0879023, 0, 0.0879023
0.485, 0.35, 0.0947318, 0, 0.0947318
0.485, 0.3525, 0.0999177, 0, 0.0999177
0.485, 0.355, 0.106125, 0, 0.106125
0.485, 0.3575, 0.110855, 0, 0.110855
0.485, 0.36, 0.116118, 0, 0.116118
0.485, 0.3625, 0.120887, 0, 0.120887
0.485, 0.365, 0.128773, 0, 0.128773
0.485, 0.3675, 0.13916, 0, 0.13916
0.485, 0.37, 0.146508, 0, 0.146508
0.485, 0.3725, 0.152707, 0, 0.152707
0.4875, 0.25, 0, 0, 0
0.4875, 0.2525, 0, 0, 0
0.4875, 0.255, 0, 0, 0
0.4875, 0.2575, 0, 0, 0
0.4875, 0.26, 0, 0, 0
0.4875, 0.2625, 0, 0, 0
0.4875, 0.265, 0, 0, 0
0.4875, 0.2675, 0, 0, 0
0.4875, 0.27, 0, 0, 0
0.4875, 0.2725, 0, 0, 0
0.4875, 0.275, 0, 0, 0
0.4875, 0.2775, 0, 0, 0
0.4875, 0.28, 0, 0, 0
0.4875, 0.2825, 0, 0, 0
0.4875, 0.285, 0, 0, 0
0.4875, 0.2875, 0, 0, 0
0.4875, 0.29, 0.0145977, 0, 0.0145977
0.4875, 0.2925, 0.0157363, 0, 0.0157363
0.4875, 0.295, 0.0172643, 0, 0.0172643
0.4875, 0.2975, 0.0200191, 0, 0.0200191
0.4875, 0.3, 0.0219536, 0, 0.0219536
0.4875, 0.3025, 0.0229974, 0, 0.0229974
0.4875, 0.305, 0.0256245, 0, 0.0256245
0.4875, 0.3075, 0.028019, 0, 0.028019
0.4875, 0.31, 0.029245, 0, 0.029245
0.4875, 0.3125, 0.0320141, 0, 0.0320141
0.4875, 0.315, 0.0345755, 0, 0.0345755
0.4875, 0.3175, 0.0374985, 0, 0.0374985
0.4875, 0.32, 0.0411505, 0, 0.0411505
0.4875, 0.3225, 0.0435913, 0, 0.0435913
0.4875, 0.325, 0.0463629, 0, 0.0463629
0.4875, 0.3275, 0.0488363, 0, 0.0488363
0.4875, 0.33, 0.0541786, 0, 0.0541786
0.4875, 0.3325, 0.0563094, 0, 0.0563094
0.4875, 0.335, 0.0620929, 0, 0.0620929
0.4875, 0.3375, 0.0664751, 0, 0.0664751
0.4875, 0.34, 0.068806, 0, 0.068806
0.4875, 0.3425, 0.072655, 0, 0.072655
0.4875, 0.345, 0.0777609, 0, 0.0777609
0.4875, 0.3475, 0.0833874, 0, 0.0833874
0.4875, 0.35, 0.0913088, 0, 0.0913088
0.4875, 0.3525, 0.0940561, 0, 0.0940561
0.4875, 0.355, 0.100703, 0, 0.100703
0.4875, 0.3575, 0.106214, 0, 0.106214
0.4875, 0.36, 0.111071, 0, 0.111071
0.4875, 0.3625, 0.119681, 0, 0.119681
0.4875, 0.365, 0.122419, 0, 0.122419
0.4875, 0.3675, 0.131452, 0, 0.131452
0.4875, 0.37, 0.141295, 0, 0.141295
0.4875, 0.3725, 0.147781, 0, 0.147781
0.49, 0.25, 0, 0, 0
0.49, 0.2525, 0, 0, 0
0.49, 0.255, 0, 0, 0
0.49, 0.2575, 0, 0, 0
0.49, 0.26, 0, 0, 0
0.49, 0.2625, 0, 0, 0
0.49, 0.265, 0, 0, 0
0.49, 0.2675, 0, 0, 0
0.49, 0.27, 0, 0, 0
0.49, 0.2725, 0, 0, 0
0.49, 0.275, 0, 0, 0
0.49, 0.2775, 0, 0, 0
0.49, 0.28, 0, 0, 0
0.49, 0.2825, 0, 0, 0
0.49, 0.285, 0, 0, 0
0.49, 0.2875, 0, 0, 0
0.49, 0.29, 0.015173, 0, 0.015173
0.49, 0.2925, 0.0155088, 0, 0.0155088
0.49, 0.295, 0.017627, 0, 0.017627
0.49, 0.2975, 0.0189364, 0, 0.0189364
0.49, 0.3, 0.0201225, 0, 0.0201225
0.49, 0.3025, 0.0219536, 0, 0.0219536
0.49, 0.305, 0.0242043, 0, 0.0242043
0.49, 0.3075, 0.0259018, 0, 0.0259018
0.49, 0.31, 0.0281549, 0, 0.0281549
0.49, 0.3125, 0.0302561, 0, 0.0302561
0.49, 0.315, 0.0328665, 0, 0.0328665
0.49, 0.3175, 0.035002, 0, 0.035002
0.49, 0.32, 0.037944, 0, 0.037944
0.49, 0.3225, 0.0421017, 0, 0.0421017
0.49, 0.325, 0.0453711, 0, 0.0453711
0.49, 0.3275, 0.0485992, 0, 0.0485992
0.49, 0.33, 0.0503529, 0, 0.0503529
0.49, 0.3325, 0.0553594, 0, 0.0553594
0.49, 0.335, 0.0579966, 0, 0.0579966
0.49, 0.3375, 0.06368, 0, 0.06368
0.49, 0.34, 0.0668769, 0, 0.0668769
0.49, 0.3425, 0.0710334, 0, 0.0710334
0.49, 0.345, 0.0757598, 0, 0.0757598
0.49, 0.3475, 0.0801542, 0, 0.0801542
0.49, 0.35, 0.0860794, 0, 0.0860794
0.49, 0.3525, 0.0924683, 0, 0.0924683
0.49, 0.355, 0.0933354, 0, 0.0933354
0.49, 0.3575, 0.101462, 0, 0.101462
0.49, 0.36, 0.10687, 0, 0.10687
0.49, 0.3625, 0.113237, 0, 0.113237
0.49, 0.365, 0.123504, 0, 0.123504
0.49, 0.3675, 0.125161, 0, 0.125161
0.49, 0.37, 0.133078, 0, 0.133078
0.49, 0.3725, 0.138323, 0, 0.138323
0.4925, 0.25, 0, 0, 0
0.4925, 0.2525, 0, 0, 0
0.4925, 0.255, 0, 0, 0
0.4925, 0.2575, 0, 0, 0
0.4925, 0.26, 0, 0, 0
0.4925, 0.2625, 0, 0, 0
0.4925, 0.265, 0, 0, 0
0.4925, 0.2675, 0, 0, 0
0.4925, 0.27, 0, 0, 0
0.4925, 0.2725, 0, 0, 0
0.4925, 0.275, 0, 0, 0
0.4925, 0.2775, 0, 0, 0
0.4925, 0.28, 0, 0, 0
0.4925, 0.2825, 0, 0, 0
0.4925, 0.285, 0, 0, 0
0.4925, 0.2875, 0, 0, 0
0.4925, 0.29, 0, 0, 0
0.4925, 0.2925, 0.015005, 0, 0.015005
0.4925, 0.295, 0.0155798, 0, 0.0155798
0.4925, 0.2975, 0.0168184, 0, 0.0168184
0.4925, 0.3, 0.0201098, 0, 0.0201098
0.4925, 0.3025, 0.0210764, 0, 0.0210764
0.4925, 0.305, 0.0219621, 0, 0.0219621
0.4925, 0.3075, 0.0251118, 0, 0.0251118
0.4925, 0.31, 0.0259018, 0, 0.0259018
0.4925, 0.3125, 0.0302353, 0, 0.0302353
0.4925, 0.315, 0.0302505, 0, 0.0302505
0.4925, 0.3175, 0.0344138, 0, 0.0344138
0.4925, 0.32, 0.037324, 0, 0.037324
0.4925, 0.3225, 0.039574, 0, 0.039574
0.4925, 0.325, 0.0427114, 0, 0.0427114
0.4925, 0.3275, 0.0456149, 0, 0.0456149
0.4925, 0.33, 0.0486418, 0, 0.0486418
0.4925, 0.3325, 0.0526622, 0, 0.0526622
0.4925, 0.335, 0.0567027, 0, 0.0567027
0.4925, 0.3375, 0.060829, 0, 0.060829
0.4925, 0.34, 0.0619696, 0, 0.0619696
0.4925, 0.3425, 0.0660146, 0, 0.0660146
0.4925, 0.345, 0.0742454, 0, 0.0742454
0.4925, 0.3475, 0.077114, 0, 0.077114
0.4925, 0.35, 0.0819806, 0, 0.0819806
0.4925, 0.3525, 0.0870332, 0, 0.0870332
0.4925, 0.355, 0.0938491, 0, 0.0938491
0.4925, 0.3575, 0.0977037, 0, 0.0977037
0.4925, 0.36, 0.104799, 0, 0.104799
0.4925, 0.3625, 0.110699, 0, 0.110699
0.4925, 0.365, 0.116, 0, 0.116
0.4925, 0.3675, 0.124277, 0, 0.124277
0.4925, 0.37, 0.127549, 0, 0.127549
0.4925, 0.3725, 0.135296, 0, 0.135296
0.495, 0.25, 0, 0, 0
0.495, 0.2525, 0, 0, 0
0.495, 0.255, 0, 0, 0
0.495, 0.2575, 0, 0, 0
0.495, 0.26, 0, 0, 0
0.495, 0.2625, 0, 0, 0
0.495, 0.265, 0, 0, 0
0.495, 0.2675, 0, 0, 0
0.495, 0.27, 0, 0, 0
0.495, 0.2725, 0, 0, 0
0.495, 0.275, 0, 0, 0
0.495, 0.2775, 0, 0, 0
0.495, 0.28, 0, 0, 0
0.495, 0.2825, 0, 0, 0
0.495, 0.285, 0, 0, 0
0.495, 0.2875, 0, 0, 0
0.495, 0.29, 0, 0, 0
0.495, 0.2925, 0, 0, 0
0.495, 0.295, 0.0146749, 0, 0.0146749
0.495, 0.2975, 0.0158791, 0, 0.0158791
0.495, 0.3, 0.0167544, 0, 0.0167544
0.495, 0.3025, 0.0201225, 0, 0.0201225
0.495, 0.305, 0.0216762, 0, 0.0216762
0.495, 0.3075, 0.0230958, 0, 0.0230958
0.495, 0.31, 0.025625, 0, 0.025625
0.495, 0.3125, 0.0272335, 0, 0.0272335
0.495, 0.315, 0.0285249, 0, 0.0285249
0.495, 0.3175, 0.0308337, 0, 0.0308337
0.495, 0.32, 0.0342462, 0, 0.0342462
0.495, 0.3225, 0.0374985, 0, 0.0374985
0.495, 0.325, 0.0404497, 0, 0.0404497
0.495, 0.3275, 0.0428391, 0, 0.0428391
0.495, 0.33, 0.0456619, 0, 0.0456619
0.495, 0.3325, 0.0497955, 0, 0.0497955
0.495, 0.335, 0.0544531, 0, 0.0544531
0.495, 0.3375, 0.0572292, 0, 0.0572292
0.495, 0.34, 0.0614166, 0, 0.0614166
0.495, 0.3425, 0.0646652, 0, 0.0646652
0.495, 0.345, 0.068512, 0, 0.068512
0.495, 0.3475, 0.0751122, 0, 0.0751122
0.495, 0.35, 0.0780491, 0, 0.0780491
0.495, 0.3525, 0.0804753, 0, 0.0804753
0.495, 0.355, 0.0882395, 0, 0.0882395
0.495, 0.3575, 0.0958263, 0, 0.0958263
0.495, 0.36, 0.101092, 0, 0.101092
0.495, 0.3625, 0.105708, 0, 0.105708
0.495, 0.365, 0.110855, 0, 0.110855
0.495, 0.3675, 0.118031, 0, 0.118031
0.495, 0.37, 0.121145, 0, 0.121145
0.495, 0.3725, 0.13022, 0, 0.13022
0.4975, 0.25, 0, 0, 0
0.4975, 0.2525, 0, 0, 0
0.4975, 0.255, 0, 0, 0
0.4975, 0.2575, 0, 0, 0
0.4975, 0.26, 0, 0, 0
0.4975, 0.2625, 0, 0, 0
0.4975, 0.265, 0, 0, 0
0.4975, 0.2675, 0, 0, 0
0.4975, 0.27, 0, 0, 0
0.4975, 0.2725, 0, 0, 0
0.4975, 0.275, 0, 0, 0
0.4975, 0.2775, 0, 0, 0
0.4975, 0.28, 0, 0, 0
0.4975, 0.2825, 0, 0, 0
0.4975, 0.285, 0, 0, 0
0.4975, 0.2875, 0, 0, 0
0.4975, 0.29, 0, 0, 0
0.4975, 0.2925, 0, 0, 0
0.4975, 0.295, 0.779138, 0, 0.779138
0.4975, 0.2975, 0.0154033, 0, 0.0154033
0.4975, 0.3, 0.0176332, 0, 0.0176332
0.4975, 0.3025, 0.0182652, 0, 0.0182652
0.4975, 0.305, 0.0201225, 0, 0.0201225
0.4975, 0.3075, 0.0219536, 0, 0.0219536
0.4975, 0.31, 0.0238524, 0, 0.0238524
0.4975, 0.3125, 0.0259018, 0, 0.0259018
0.4975, 0.315, 0.0280822, 0, 0.0280822
0.4975, 0.3175, 0.0300736, 0, 0.0300736
0.4975, 0.32, 0.0327909, 0, 0.0327909
0.4975, 0.3225, 0.0340419, 0, 0.0340419
0.4975, 0.325, 0.0374985, 0, 0.0374985
0.4975, 0.3275, 0.0426286, 0, 0.0426286
0.4975, 0.33, 0.0434764, 0, 0.0434764
0.4975, 0.3325, 0.0473175, 0, 0.0473175
0.4975, 0.335, 0.0503738, 0, 0.0503738
0.4975, 0.3375, 0.0527919, 0, 0.0527919
0.4975, 0.34, 0.0578443, 0, 0.0578443
0.4975, 0.3425, 0.0633391, 0, 0.0633391
0.4975, 0.345, 0.0671153, 0, 0.0671153
0.4975, 0.3475, 0.0685131, 0, 0.0685131
0.4975, 0.35, 0.0745774, 0, 0.0745774
0.4975, 0.3525, 0.0791931, 0, 0.0791931
0.4975, 0.355, 0.0830331, 0, 0.0830331
0.4975, 0.3575, 0.0917465, 0, 0.0917465
0.4975, 0.36, 0.0928344, 0, 0.0928344
0.4975, 0.3625, 0.100683, 0, 0.100683
0.4975, 0.365, 0.106125, 0, 0.106125
0.4975, 0.3675, 0.112191, 0, 0.112191
0.4975, 0.37, 0.12026, 0, 0.12026
0.4975, 0.3725, 0.124219, 0, 0.124219