0.343257, 0.0422478, 3.15869
0.342857, 0.0555579, 1.71868
0.342333, 0.0323028, 2.65183
0.342469, 0.0403633, 2.88758
0.34252, 0.0597683, 1.02429
0.34338, 0.0498557, 2.60527
0.342552, 0.0386487, 2.92743
0.343006, 0.0476309, 2.73591
0.343725, 0.0451598, 3.17988
0.342832, 0.0541338, 1.93685
0.342892, 0.0411024, 3.04448
0.342894, 0.0416566, 3.03231
0.343145, 0.0534065, 2.07422
0.343318, 0.0332997, 3.05457
0.342583, 0.0440589, 2.82822
0.342405, 0.0492401, 2.42969
0.342953, 0.0355499, 3.02749
0.343694, 0.0359243, 3.33664
0.342915, 0.0618437, 0.489889
0.342706, 0.0524102, 2.15649
0.342732, 0.0493327, 2.50308
0.343049, 0.0401954, 3.12209
0.342476, 0.0489092, 2.47623
0.34372, 0.0542963, 1.97349
0.343325, 0.0369021, 3.21652
0.342843, 0.0528888, 2.11306
0.343337, 0.0383162, 3.24452
0.342723, 0.0501647, 2.41708
0.342384, 0.0443998, 2.74133
0.34237, 0.0588514, 1.21177
0.343558, 0.0461671, 3.0401
0.342966, 0.0398459, 3.09189
0.342832, 0.0327, 2.84384
0.343371, 0.0571232, 1.41759
0.343009, 0.0425423, 3.05051
0.342526, 0.0507963, 2.30923
0.343442, 0.0419946, 3.24171
0.342622, 0.0622904, 0.497625
0.342476, 0.053771, 1.95706
0.343625, 0.047029, 2.98468
0.34283, 0.0429943, 2.9648
0.342802, 0.0403123, 3.02095
0.34249, 0.0356061, 2.85108
0.342489, 0.0318517, 2.67604
0.342532, 0.0468619, 2.65061
0.343509, 0.0346521, 3.20529
0.343397, 0.044201, 3.12217
0.343038, 0.051903, 2.2736
0.343517, 0.0589644, 0.996402
0.342933, 0.0499318, 2.49009
0.342738, 0.0555879, 1.71279
0.343416, 0.0315037, 2.95351
0.343546, 0.0384191, 3.33228
0.343385, 0.0408625, 3.24911
0.343727, 0.0462865, 3.08776
0.343614, 0.0469648, 2.98728
0.342867, 0.0555761, 1.71584
0.342762, 0.0543845, 1.89535
0.343542, 0.0410257, 3.31009
0.342986, 0.0586896, 1.14484
0.342604, 0.0368888, 2.92732
0.343205, 0.0441423, 3.05357
0.343017, 0.0469812, 2.79438
0.34354, 0.0443155, 3.16905
0.343108, 0.0317588, 2.87246
0.342319, 0.0454912, 2.6651
0.343263, 0.0512853, 2.39636
0.342314, 0.0441661, 2.72656
0.343539, 0.0588468, 1.01996
0.342629, 0.0444673, 2.82533
0.343562, 0.0335051, 3.15809
0.343739, 0.049993, 2.67408
0.343647, 0.050108, 2.63672
0.342557, 0.0608894, 0.803659
0.342394, 0.0481244, 2.51762
0.342888, 0.0464239, 2.7955
0.343462, 0.0584225, 1.12942
0.342473, 0.0571499, 1.47542
0.342452, 0.0334903, 2.75422
0.342873, 0.0427983, 2.98877
0.342331, 0.0467531, 2.59536
0.34293, 0.0573459, 1.40835
0.342831, 0.0324994, 2.83105
0.342372, 0.0428794, 2.79555
0.342402, 0.054521, 1.85437
0.342431, 0.0462147, 2.66078
0.342586, 0.058752, 1.19509
0.342495, 0.0602922, 0.933459
0.342776, 0.0350478, 2.94104
0.342538, 0.0354467, 2.86446
0.343717, 0.041721, 3.36307
0.342363, 0.0504765, 2.30725
0.342952, 0.0557957, 1.67984
0.34226, 0.0486747, 2.43883
0.34239, 0.0484222, 2.49353
0.342573, 0.0386237, 2.9355
0.342733, 0.0333102, 2.84448
0.343325, 0.0488448, 2.70824
0.343501, 0.0413246, 3.28611
0.342441, 0.0586588, 1.23309
0.34372, 0.0586543, 1.03536
0.343469, 0.0336414, 3.1319
0.343657, 0.0403234, 3.3719
0.342715, 0.0421303, 2.94941
0.342937, 0.0472857, 2.74428
0.343057, 0.0493686, 2.58127
0.342551, 0.0407308, 2.91533
0.342768, 0.032192, 2.78976
0.343515, 0.0524697, 2.26655
0.343633, 0.0319548, 3.06579
0.343681, 0.0541623, 1.99572
0.342778, 0.0376716, 3.00973
0.34272, 0.0530406, 2.07763
0.342923, 0.0591635, 1.06069
0.343523, 0.0512147, 2.4564
0.342306, 0.0392042, 2.83054
0.343412, 0.0322382, 3.0127
0.342802, 0.0536378, 2.00547
0.343094, 0.0587384, 1.11788
0.342884, 0.0594608, 1.0084
0.342973, 0.0558404, 1.67221
0.342736, 0.0581775, 1.27709
0.34361, 0.0445247, 3.18213
0.342371, 0.0601336, 0.99155
0.343389, 0.0475948, 2.8558
0.343431, 0.0418262, 3.24271
0.343484, 0.041794, 3.26537
0.343474, 0.0581631, 1.1856
0.34371, 0.0313428, 3.03614
0.342744, 0.0578704, 1.33125
0.34256, 0.059825, 1.00525
0.343423, 0.0475377, 2.87174
0.343698, 0.0426619, 3.31922
0.342532, 0.0332386, 2.77003
0.342331, 0.0568813, 1.52483
0.342367, 0.0575011, 1.42868
0.34242, 0.0384831, 2.87412
0.342505, 0.0589974, 1.16486
0.343632, 0.0506276, 2.5621
0.34304, 0.0536395, 2.02822
0.343726, 0.0457695, 3.13218
0.343373, 0.0613526, 0.451926
0.342388, 0.0545251, 1.85302
0.342661, 0.0420782, 2.92961
0.342865, 0.0612561, 0.637044
0.343184, 0.0359171, 3.13108
0.342412, 0.0385275, 2.87121
0.343671, 0.043283, 3.27834
0.3433, 0.0456745, 2.98958
0.34228, 0.0393877, 2.81973
0.342458, 0.0613187, 0.749537
0.34357, 0.0382632, 3.34108
0.342715, 0.0440089, 2.87853
0.343037, 0.0343003, 3.00707
0.342368, 0.0621628, 0.616146
0.34254, 0.0619135, 0.605169
0.34329, 0.0411191, 3.20471
0.343224, 0.0565774, 1.5337
0.342685, 0.046779, 2.70471
0.342843, 0.0570496, 1.4678
0.342768, 0.042062, 2.97188
0.343015, 0.0354449, 3.04784
0.343, 0.0494142, 2.56193
0.342479, 0.0451877, 2.73573
0.342459, 0.0546517, 1.84019
0.3435, 0.0363641, 3.27308
0.342309, 0.047888, 2.5115
0.342988, 0.0619797, 0.432721
0.342525, 0.0460298, 2.70302
0.342434, 0.0326568, 2.70506
0.342315, 0.0564722, 1.58503
0.342585, 0.0429788, 2.87234
0.343104, 0.0496551, 2.56158
0.342562, 0.031319, 2.66386
0.34351, 0.0407247, 3.30329
0.342856, 0.0350617, 2.97205
0.343273, 0.0456672, 2.98071
0.343076, 0.0427011, 3.07082
0.342912, 0.044447, 2.92874
0.343465, 0.048092, 2.82855
0.342444, 0.0397765, 2.88281
0.342936, 0.0343147, 2.96974
0.342547, 0.0389547, 2.92624
0.342289, 0.0555295, 1.71629
0.342251, 0.0433583, 2.73433
0.343342, 0.0483232, 2.76847
0.342379, 0.0328968, 2.69917
0.343258, 0.0436901, 3.09737
0.343387, 0.0588863, 1.03715
0.342718, 0.0583068, 1.25609
0.342718, 0.0333752, 2.84273
0.342352, 0.0358961, 2.80688
0.34291, 0.0372657, 3.05632
0.342313, 0.0344629, 2.74607
0.342766, 0.0585436, 1.20613
0.342859, 0.0505667, 2.40323
0.343421, 0.0458368, 3.01974
0.342767, 0.039565, 3.01311
0.342838, 0.0610566, 0.688237
0.343359, 0.0466384, 2.93335
0.343214, 0.060469, 0.713199
0.342598, 0.0323805, 2.7446
0.34338, 0.0385019, 3.2636
0.343253, 0.0322364, 2.95771
0.342382, 0.0589952, 1.18576
0.343493, 0.0489509, 2.74173
0.34284, 0.04588, 2.81744
0.343099, 0.0553206, 1.76181
0.342908, 0.0513918, 2.316
0.342611, 0.043521, 2.86137
0.342412, 0.0552913, 1.75104
0.343149, 0.0522947, 2.23794
0.343208, 0.058695, 1.10869
0.343656, 0.0473953, 2.9584
0.343239, 0.0575414, 1.34372
0.343146, 0.0515852, 2.33458
0.342557, 0.0598338, 1.00427
0.343266, 0.032285, 2.96578
0.342353, 0.0474694, 2.55399
0.342708, 0.0385432, 2.98922
0.342281, 0.031408, 2.5821
0.343279, 0.0621759, 0.276606
0.34351, 0.0609506, 0.510972
0.342831, 0.0438801, 2.92753
0.342477, 0.0413501, 2.87558
0.343444, 0.0508901, 2.48594
0.342794, 0.0499945, 2.45115
0.343483, 0.0384276, 3.30587
0.342875, 0.0464445, 2.78978
0.342521, 0.041806, 2.88255
0.342726, 0.0528922, 2.09774
0.342755, 0.0344971, 2.91072
0.342716, 0.0521016, 2.19614
0.342771, 0.0473586, 2.68768
0.342953, 0.0467328, 2.7934
0.342621, 0.0616417, 0.63351
0.343709, 0.0518239, 2.39943
0.342395, 0.0406641, 2.85498
0.342678, 0.062488, 0.434036
0.343597, 0.0318165, 3.04129
0.342979, 0.0322679, 2.86626
0.343238, 0.0416005, 3.17134
0.342433, 0.0353829, 2.82274
0.343113, 0.0347112, 3.05544
0.342599, 0.0515117, 2.24586
0.343276, 0.0419974, 3.17501
0.342511, 0.0565802, 1.56209
0.342982, 0.0568673, 1.49186
0.343499, 0.0570971, 1.4137
0.342887, 0.0333428, 2.90139
0.343723, 0.061247, 0.364857
0.342498, 0.0514062, 2.23918
0.343691, 0.0533411, 2.1445
0.343587, 0.0448845, 3.14926
0.342725, 0.0578115, 1.34365
0.342249, 0.0419811, 2.77381
0.342683, 0.0521685, 2.1829
0.342377, 0.040946, 2.84354
0.343485, 0.0612063, 0.4532
0.342582, 0.0374165, 2.92806
0.342622, 0.0452155, 2.78375
0.342925, 0.052533, 2.17208
0.343511, 0.0361405, 3.26994
0.342997, 0.0577245, 1.3316
0.342848, 0.0342286, 2.93296
0.342378, 0.0402131, 2.85337
0.343352, 0.0328969, 3.04015
0.343676, 0.0333656, 3.19104
0.343072, 0.0354262, 3.06937
0.342486, 0.0622911, 0.547837
0.343609, 0.0616306, 0.298854
0.343288, 0.0398524, 3.2238
0.342639, 0.0379773, 2.95755
0.342467, 0.0560496, 1.64314
0.3434, 0.0419423, 3.22646
0.343452, 0.049532, 2.6623
0.343144, 0.0314024, 2.85598
0.342789, 0.0584175, 1.22617
0.343048, 0.0313281, 2.81907
0.342305, 0.0352034, 2.76889
0.34242, 0.0469599, 2.60936
0.342908, 0.0460578, 2.82828
0.343151, 0.0582604, 1.20769
0.343494, 0.0562734, 1.58358
0.343587, 0.0348207, 3.24451
0.343265, 0.0346557, 3.11089
0.343284, 0.0403276, 3.21677
0.342422, 0.04424, 2.76183
0.34315, 0.05729, 1.40122
0.342683, 0.0467448, 2.70642
0.34258, 0.0396349, 2.93787
0.342286, 0.0371373, 2.80746
0.34352, 0.0570519, 1.42175
0.343733, 0.0616199, 0.258002
0.342863, 0.0439399, 2.93642
0.343142, 0.0610543, 0.597369
0.343604, 0.0340359, 3.20734
0.342652, 0.0575109, 1.40262
0.343399, 0.0348965, 3.17449
0.343301, 0.0335728, 3.06538
0.343095, 0.03707, 3.12712
0.342257, 0.0351344, 2.7489
0.342531, 0.060864, 0.815597
0.34373, 0.0459508, 3.11818
0.343721, 0.0537974, 2.06603
0.3435, 0.0541569, 1.98321
0.343217, 0.0366838, 3.16725
0.342893, 0.0565109, 1.55898
0.343048, 0.0409231, 3.11048
0.342344, 0.0624384, 0.571569
0.34353, 0.0445267, 3.15218
0.34321, 0.0425766, 3.12831
0.342272, 0.0400157, 2.81326
0.342343, 0.0400418, 2.84119
0.343417, 0.0557488, 1.6875
0.343557, 0.0514133, 2.4342
0.343108, 0.0506173, 2.45035
0.342859, 0.0397116, 3.04953
0.343727, 0.0558377, 1.66848
0.343066, 0.0462529, 2.86704
0.343385, 0.0558938, 1.65996
0.34268, 0.0603765, 0.871633
0.342438, 0.0551073, 1.77718
0.343607, 0.0579747, 1.21096
0.343431, 0.0466282, 2.95796
0.343418, 0.0414091, 3.24969
0.34237, 0.0547137, 1.82738
0.343237, 0.0586016, 1.12408
0.34252, 0.0620279, 0.58902
0.342634, 0.0585615, 1.2219
0.34307, 0.0344691, 3.02763
0.342716, 0.0514885, 2.26933
0.342724, 0.038045, 2.99227
0.342727, 0.0412078, 2.97672
0.342947, 0.0599265, 0.899208
0.34292, 0.0342011, 2.95841
0.343186, 0.0409296, 3.16637
0.342519, 0.0344036, 2.8193
0.342887, 0.0364198, 3.02856
0.342563, 0.037456, 2.92112
0.34323, 0.039045, 3.20329
0.342859, 0.04624, 2.79932
0.342292, 0.0376763, 2.81711
0.34364, 0.0407397, 3.35718
0.343673, 0.0373207, 3.36941
0.342421, 0.0374219, 2.86452
0.343087, 0.0324725, 2.91722
0.34248, 0.0359197, 2.85629
0.34296, 0.0389288, 3.0927
0.343358, 0.060889, 0.572114
0.342686, 0.0493099, 2.49356
0.342318, 0.0462686, 2.62101
0.34234, 0.0592291, 1.15377
0.343518, 0.0578881, 1.24102
0.343148, 0.0515224, 2.34338
0.342321, 0.0495167, 2.38513
0.343542, 0.0458086, 3.06419
0.342597, 0.0443773, 2.81836
0.342465, 0.0549794, 1.79575
0.343033, 0.0526123, 2.17637
0.343227, 0.0514337, 2.36975
0.343596, 0.0544205, 1.94224
0.342667, 0.0366602, 2.94731
0.343495, 0.0354685, 3.23785
0.342803, 0.0414983, 3.00041
0.343339, 0.0602389, 0.7345
0.343657, 0.0619642, 0.189583
0.343074, 0.0575111, 1.36496
0.342656, 0.0541855, 1.91644
0.342343, 0.0344848, 2.75789
0.342526, 0.0614947, 0.6937
0.342401, 0.0560828, 1.63915
0.343064, 0.0571053, 1.4429
0.342669, 0.0355033, 2.91623
0.343547, 0.0333688, 3.14341
0.342974, 0.0580318, 1.27539
0.342586, 0.0372551, 2.927
0.343324, 0.0541196, 1.97638
0.342274, 0.0470354, 2.5596
0.342376, 0.0609117, 0.849827
0.343032, 0.0425563, 3.05894
0.342269, 0.0421323, 2.77785
0.342302, 0.0331247, 2.68425
0.343327, 0.049325, 2.65484
0.343571, 0.0452989, 3.11354
0.343314, 0.0485214, 2.73994
0.343071, 0.0376185, 3.12689
0.343071, 0.0621477, 0.362157
0.342247, 0.0483893, 2.45716
0.343181, 0.0506805, 2.45817
0.342252, 0.0605952, 0.939652
0.343044, 0.0606919, 0.708905
0.342567, 0.0406401, 2.92281
0.343389, 0.042627, 3.19688
0.3432, 0.0480257, 2.75726
0.343062, 0.0486181, 2.65982
0.342737, 0.0591915, 1.08907
0.343202, 0.0554982, 1.73255
0.34236, 0.0617115, 0.705457
0.343217, 0.0590725, 1.02608
0.342477, 0.0513584, 2.24064
0.342571, 0.0486304, 2.52515
0.342314, 0.0316104, 2.60506
0.343704, 0.0350305, 3.30109
0.342486, 0.0426701, 2.84485
0.343038, 0.0406391, 3.11156
0.343366, 0.03147, 2.934
0.342981, 0.054838, 1.83785
0.342453, 0.0613863, 0.737895
0.343557, 0.0519521, 2.35359
0.342527, 0.0312808, 2.65057
0.342525, 0.0533297, 2.01806
0.342803, 0.0523075, 2.18386
0.342273, 0.0614612, 0.779658
0.343674, 0.0344666, 3.25953
0.343271, 0.0463683, 2.9265
0.342767, 0.0436807, 2.91258
0.343099, 0.0451942, 2.95211
0.342519, 0.0393177, 2.91481
0.343172, 0.060533, 0.709823
0.343404, 0.0324657, 3.02715
0.342283, 0.0420278, 2.78557
0.342466, 0.0619337, 0.626752
0.343377, 0.0341572, 3.12781
0.342311, 0.0600531, 1.01924
0.34252, 0.0614952, 0.695727
0.34237, 0.0608294, 0.866725
0.343542, 0.0527352, 2.22807
0.343009, 0.0595625, 0.961992
0.342939, 0.0553568, 1.75256
0.343139, 0.043155, 3.07695
0.343203, 0.039311, 3.19177
0.342576, 0.0376074, 2.92819
0.3435, 0.0317339, 3.00135
0.343493, 0.0606555, 0.591004
0.342364, 0.0386773, 2.85294
0.34354, 0.0409191, 3.31197
0.343435, 0.0353713, 3.21018
0.34319, 0.0333593, 3.01179
0.343144, 0.0536617, 2.03482
0.343611, 0.0441979, 3.20353
0.342501, 0.0580719, 1.32355
0.342977, 0.0329056, 2.90747
0.342458, 0.0382885, 2.88802
0.342654, 0.0352288, 2.90108
0.343325, 0.0399237, 3.23865
0.343736, 0.0413982, 3.3809
0.343216, 0.0550168, 1.81726
0.343574, 0.0369932, 3.32087
0.342786, 0.035691, 2.96743
0.342279, 0.0334678, 2.69256
0.34243, 0.0579245, 1.35574
0.342327, 0.0511707, 2.23211
0.342407, 0.0562545, 1.6141
0.343748, 0.0519995, 2.37814
0.342503, 0.045177, 2.74451
0.34373, 0.041046, 3.38775
0.342465, 0.0575221, 1.41699
0.343116, 0.0475531, 2.77617
0.343493, 0.0508505, 2.50155
0.343524, 0.0484981, 2.80159
0.343193, 0.0617976, 0.402708
0.342782, 0.0538986, 1.96681
0.342579, 0.0324842, 2.7445
0.343721, 0.0444753, 3.2273
0.343016, 0.0610922, 0.627125
0.343487, 0.0496178, 2.66065
0.343535, 0.0412167, 3.30293
0.342549, 0.0384456, 2.92516
0.343736, 0.0382996, 3.41109
0.343694, 0.0437609, 3.26139
0.342318, 0.052477, 2.093
0.342721, 0.0372909, 2.98102
0.342791, 0.0509008, 2.35129
0.343672, 0.0421745, 3.32855
0.343749, 0.041194, 3.392
0.343587, 0.0319232, 3.04709
0.343038, 0.0323049, 2.88889
0.343033, 0.0462339, 2.85744
0.343174, 0.0588716, 1.07682
0.34374, 0.0592811, 0.877102
0.342271, 0.0605411, 0.944053
0.342351, 0.0578992, 1.36808
0.342476, 0.0351578, 2.83156
0.342956, 0.0509544, 2.37817
0.342341, 0.0525158, 2.09184
0.343368, 0.057985, 1.2378
0.34303, 0.0541766, 1.94515
0.342807, 0.0326029, 2.82935
0.343244, 0.0618075, 0.382125
0.34331, 0.0496665, 2.61102
0.343634, 0.0324924, 3.11067
0.343068, 0.0624533, 0.289608
0.343691, 0.0386268, 3.39454
0.343187, 0.0557824, 1.6817
0.343044, 0.0624625, 0.296615
0.343299, 0.0337841, 3.07739
0.343588, 0.0555801, 1.72071
0.342451, 0.0512504, 2.24716
0.343044, 0.0361409, 3.08274
0.342283, 0.0542114, 1.88604
0.343127, 0.0480772, 2.73097
0.342608, 0.0371695, 2.93415
0.343309, 0.0581437, 1.21127
0.343406, 0.0460316, 2.99921
0.342766, 0.0493238, 2.51225
0.343605, 0.054213, 1.98087
0.342687, 0.0407159, 2.96952
0.342515, 0.0538477, 1.95063
0.342655, 0.0440791, 2.85352
0.343512, 0.0526368, 2.23974
0.343669, 0.0352317, 3.29676
0.342849, 0.0468542, 2.75092
0.342331, 0.0540529, 1.90931
0.34299, 0.0597556, 0.92539
0.343143, 0.0561846, 1.60945
0.34366, 0.0444617, 3.20518
0.343203, 0.043596, 3.08113
0.342854, 0.0563327, 1.59069
0.343004, 0.0379331, 3.10393
0.343618, 0.0525969, 2.26121
0.342875, 0.0525166, 2.16723
0.34278, 0.0586435, 1.18534
0.343161, 0.0560901, 1.62629
0.343437, 0.0396474, 3.28713
0.342836, 0.050167, 2.4424
0.342588, 0.0417778, 2.90921
0.343653, 0.0417154, 3.33688
0.343009, 0.03691, 3.08896
0.343659, 0.0465838, 3.03773
0.343601, 0.0476205, 2.91826
0.343595, 0.0561977, 1.59624
0.343087, 0.0519101, 2.28093
0.342491, 0.0380086, 2.89875
0.342481, 0.0401264, 2.89477
0.343216, 0.0540422, 1.98076
0.343272, 0.042112, 3.16944
0.343638, 0.0320898, 3.07904
0.34301, 0.0469631, 2.79357
0.342901, 0.0472327, 2.73754
0.342671, 0.0423327, 2.92629
0.34289, 0.0431214, 2.9828
0.342462, 0.0522781, 2.13624
0.342381, 0.0432787, 2.78507
0.343302, 0.0335152, 3.0624
0.342375, 0.0400279, 2.8538
0.343154, 0.0499458, 2.54048
0.342673, 0.0455933, 2.77893
0.342345, 0.0467781, 2.59815
0.342869, 0.0448396, 2.8916
0.342365, 0.0383088, 2.8516
0.342578, 0.0590089, 1.1506
0.343257, 0.0385598, 3.21312
0.342514, 0.0538301, 1.9529
0.343702, 0.0509473, 2.53125
0.343433, 0.0560596, 1.62731
0.343392, 0.0366016, 3.23604
0.34316, 0.0540009, 1.98286
0.342914, 0.0388825, 3.07367
0.343286, 0.0370654, 3.20429
0.342862, 0.0583412, 1.23061
0.343394, 0.0389794, 3.27111
0.342299, 0.0444425, 2.70898
0.343522, 0.0454744, 3.08303
0.34276, 0.0449402, 2.84735
0.342375, 0.0425708, 2.80618
0.342997, 0.0529957, 2.11764
0.342599, 0.0578416, 1.35156
0.342772, 0.0552781, 1.76149
0.343345, 0.05789, 1.26061
0.343073, 0.0576613, 1.33611
0.343186, 0.0560459, 1.63393
0.342608, 0.0586251, 1.21429
0.342767, 0.0352503, 2.94497
0.343317, 0.0454824, 3.00973
0.34311, 0.0597161, 0.907697
0.342324, 0.0575474, 1.42517
0.34288, 0.0571284, 1.45134
0.343568, 0.0407867, 3.32608
0.343177, 0.0510019, 2.41678
0.342564, 0.0544003, 1.88046
0.343267, 0.0497269, 2.59327
0.342931, 0.049095, 2.5773
0.343665, 0.0547968, 1.87522
0.342873, 0.0579207, 1.30802
0.342404, 0.0436652, 2.77947
0.342405, 0.0596129, 1.07574
0.343459, 0.0425396, 3.22843
0.342358, 0.049764, 2.37219
0.342949, 0.0549249, 1.82262
0.342694, 0.0476588, 2.64064
0.343222, 0.0494709, 2.61147
0.343337, 0.0388065, 3.24719
0.342989, 0.0548649, 1.83384
0.343378, 0.0339667, 3.11769
0.343124, 0.0531177, 2.11529
0.343519, 0.0332626, 3.1256
0.34281, 0.0614359, 0.615352
0.342849, 0.0534746, 2.03308
0.342653, 0.0617425, 0.601852
0.342495, 0.0331114, 2.75051
0.342637, 0.0531421, 2.05457
0.342755, 0.0419471, 2.96984
0.342314, 0.0549847, 1.7893
0.342851, 0.0573656, 1.4112
0.342924, 0.0606107, 0.759438
0.343359, 0.0447256, 3.0759
0.343138, 0.0368547, 3.13963
0.342625, 0.0624581, 0.460712
0.343469, 0.0522205, 2.2982
0.342893, 0.0471495, 2.74164
0.343665, 0.0386122, 3.38368
0.342461, 0.0618752, 0.640009
0.342569, 0.0465106, 2.68634
0.342968, 0.0549224, 1.82376
0.342433, 0.0598881, 1.0213
0.343498, 0.0577202, 1.28016
0.343307, 0.0402539, 3.22736
0.342993, 0.0429805, 3.02787
0.343687, 0.0375413, 3.3799
0.343693, 0.0565496, 1.51894
0.343089, 0.0525798, 2.18876
0.342967, 0.039689, 3.09347
0.342288, 0.0333678, 2.69117
0.343433, 0.046813, 2.94225
0.342732, 0.0452008, 2.82273
0.343089, 0.0594855, 0.961808
0.342928, 0.0448038, 2.91498
0.34278, 0.0557831, 1.68212
0.342919, 0.0392266, 3.07572
0.343715, 0.0411806, 3.37836
0.343166, 0.0395204, 3.17563
0.343373, 0.037773, 3.25327
0.342921, 0.0559536, 1.65341
0.343601, 0.0388719, 3.35742
0.342902, 0.0324041, 2.84911
0.343069, 0.0567556, 1.50755
0.342412, 0.0596192, 1.07323
0.343352, 0.0429992, 3.16664
0.343498, 0.0384007, 3.31191
0.343468, 0.0398369, 3.29877
0.342863, 0.0407463, 3.03939
0.342704, 0.0326283, 2.79556
0.342849, 0.0619114, 0.497729
0.343519, 0.0397375, 3.3206
0.343425, 0.0402176, 3.2765
0.342536, 0.0545573, 1.85725
0.343201, 0.0464554, 2.89624
0.34352, 0.0401145, 3.31732
0.343523, 0.0576366, 1.29579
0.342916, 0.0471469, 2.74903
0.342543, 0.0571609, 1.46898
0.343681, 0.0547909, 1.87709
0.343599, 0.0592942, 0.90216
0.342453, 0.0370423, 2.87112
0.342759, 0.0575986, 1.37787
0.343481, 0.0568113, 1.47452
0.34349, 0.0530643, 2.1679
0.343124, 0.0605129, 0.727223
0.342333, 0.0570413, 1.50098
0.342331, 0.0335211, 2.71315
0.342494, 0.0471628, 2.61798
0.343105, 0.0367751, 3.12443
0.343204, 0.0324565, 2.95657
0.343631, 0.0350265, 3.27194
0.34261, 0.0406327, 2.94028
0.343302, 0.0582898, 1.18107
0.343702, 0.051579, 2.43623
0.342898, 0.044175, 2.93788
0.342894, 0.0419577, 3.02438
0.343184, 0.0382535, 3.18086
0.3437, 0.0322274, 3.11202
0.34225, 0.04774, 2.50517
0.343541, 0.0443469, 3.16773
0.343436, 0.0399656, 3.28428
0.343394, 0.0489867, 2.7111
0.342588, 0.0324716, 2.74673
0.343412, 0.0573257, 1.37256
0.343148, 0.0581229, 1.23607
0.342469, 0.0467603, 2.63787
0.342321, 0.0459718, 2.63921
0.342927, 0.0368031, 3.0535
0.342529, 0.0590723, 1.14774
0.343196, 0.0535816, 2.05248
0.342587, 0.0378515, 2.9354
0.343414, 0.0441329, 3.13277
0.342348, 0.0369076, 2.82775
0.342908, 0.0596678, 0.961511
0.342707, 0.0410551, 2.97172
0.343441, 0.0341047, 3.14938
0.343331, 0.0352567, 3.16425
0.343534, 0.0353701, 3.2494
0.343686, 0.0447184, 3.19744
0.342492, 0.0504728, 2.33519
0.343528, 0.0466283, 2.98996
0.342415, 0.0609706, 0.827932
0.342621, 0.0319371, 2.72433
0.343402, 0.0496825, 2.63161
0.342897, 0.057849, 1.31869
0.342619, 0.0598519, 0.987419
0.343079, 0.0510115, 2.39595
0.342857, 0.053349, 2.05151
0.342925, 0.0621862, 0.407644
0.343118, 0.0495131, 2.58094
0.343097, 0.0361136, 3.10295
0.342404, 0.0358811, 2.82624
0.342284, 0.0604512, 0.956477
0.343424, 0.042235, 3.22597
0.342321, 0.0377156, 2.82909
0.343301, 0.0413292, 3.20421
0.343036, 0.0602517, 0.808365
0.343634, 0.0567385, 1.48135
0.342666, 0.0514088, 2.2695
0.343304, 0.0612946, 0.489106
0.343036, 0.040424, 3.11389
0.342249, 0.0377059, 2.80065
0.342738, 0.0392451, 3.00236
0.343727, 0.0408869, 3.39043
0.342534, 0.035308, 2.85864
0.343099, 0.0511749, 2.37922
0.342526, 0.0543687, 1.88234
0.343471, 0.0432992, 3.19931
0.342412, 0.0547955, 1.81852
0.342475, 0.035422, 2.83966
0.343025, 0.0526909, 2.16432
0.343612, 0.0571097, 1.40278
0.343257, 0.0328652, 3.00385
0.3425, 0.0343173, 2.80871
0.342896, 0.0359538, 3.0186
0.343745, 0.0595041, 0.819592
0.343293, 0.0362629, 3.1859
0.342656, 0.0358504, 2.92214
0.342812, 0.0338757, 2.90252
0.343002, 0.0623437, 0.341453
0.342569, 0.0373343, 2.92164
0.343504, 0.0400487, 3.3115
0.343507, 0.0542113, 1.9741
0.342427, 0.0497984, 2.38518
0.343722, 0.0488757, 2.81339
0.342281, 0.0344405, 2.73363
0.342795, 0.0331707, 2.85878
0.343398, 0.0381113, 3.26775
0.343374, 0.0421528, 3.20912
0.343229, 0.0547025, 1.87176
0.343233, 0.0386599, 3.20374
0.342599, 0.0401683, 2.94141
0.342571, 0.0547422, 1.83335
0.342475, 0.045593, 2.71196
0.34321, 0.0585084, 1.14785
0.342797, 0.0573968, 1.41011
0.342499, 0.0613873, 0.72354
0.34357, 0.0353718, 3.26374
0.342541, 0.0371726, 2.90784
0.342398, 0.0357907, 2.82165
0.342278, 0.0609724, 0.866217
0.342375, 0.0489872, 2.44362
0.342684, 0.0530986, 2.06576
0.343185, 0.0360253, 3.13508
0.342444, 0.0493097, 2.43336
0.342349, 0.0533926, 1.99147
0.34347, 0.061873, 0.283903
0.343123, 0.0378479, 3.15139
0.343421, 0.0526589, 2.22348
0.342857, 0.0320116, 2.80736
0.342419, 0.037934, 2.86959
0.34233, 0.0509776, 2.252
0.343626, 0.0496758, 2.68812
0.342942, 0.0444525, 2.93962
0.34339, 0.0417941, 3.22704
0.343417, 0.031697, 2.97035
0.343054, 0.0405239, 3.11987
0.342787, 0.050547, 2.3902
0.343188, 0.0539577, 1.99211
0.342778, 0.0385651, 3.01755
0.343089, 0.0487031, 2.65866
0.343273, 0.0569602, 1.45694
0.343565, 0.0574882, 1.32416
0.343223, 0.0542306, 1.95044
0.343539, 0.0424914, 3.26245
0.342316, 0.0380907, 2.83071
0.342638, 0.0327247, 2.77862
0.34312, 0.0555073, 1.73
0.343137, 0.0616983, 0.446584
0.34294, 0.0590269, 1.0851
0.343073, 0.056608, 1.53448
0.343614, 0.0554364, 1.74933
0.342583, 0.0544034, 1.88124
0.34262, 0.0563797, 1.58969
0.343108, 0.0540427, 1.97211
0.343008, 0.05667, 1.52611
0.343402, 0.0318036, 2.97428
0.343224, 0.0348641, 3.10486
0.342817, 0.0414334, 3.0074
0.342945, 0.055178, 1.78181
0.343044, 0.0364241, 3.09097
0.342727, 0.0493515, 2.49983
0.343242, 0.047124, 2.85321
0.343374, 0.0488078, 2.72549
0.34274, 0.060794, 0.77163
0.34326, 0.0415749, 3.18116
0.342258, 0.0554168, 1.73081
0.342277, 0.0472067, 2.54946
0.342863, 0.0496325, 2.50537
0.343711, 0.0529352, 2.21717
0.342969, 0.033293, 2.92804
0.343168, 0.0325613, 2.95164
0.343345, 0.0328501, 3.03409
0.342945, 0.0515141, 2.30758
0.343534, 0.0383051, 3.32613
0.342798, 0.0594943, 1.01898
0.342587, 0.0399736, 2.93851
0.342796, 0.056026, 1.64278
0.343452, 0.0561584, 1.60755
0.343688, 0.057056, 1.40895
0.342355, 0.0347691, 2.77297
0.342863, 0.0342001, 2.93719
0.343256, 0.0366839, 3.18318
0.342656, 0.0552352, 1.76517
0.343291, 0.0348062, 3.12814
0.343724, 0.0435171, 3.28707
0.342266, 0.0526273, 2.06911
0.343073, 0.0536774, 2.02566
0.343002, 0.0493416, 2.57021
0.343129, 0.0398528, 3.15858
0.343242, 0.0608016, 0.627233
0.342558, 0.0622728, 0.52515
0.343399, 0.0484771, 2.76853
0.343026, 0.0546951, 1.86286
0.34373, 0.0438062, 3.2727
0.342449, 0.0595835, 1.07197
0.342831, 0.0490975, 2.55092
0.342794, 0.0388306, 3.02503
0.343625, 0.042711, 3.28753
0.342952, 0.0355722, 3.02789
0.343307, 0.0554748, 1.73803
0.342387, 0.0462275, 2.64571
0.3424, 0.0561897, 1.62368
0.342351, 0.0522448, 2.12335
0.342375, 0.0476421, 2.54823
0.342589, 0.059242, 1.10667
0.342551, 0.0314322, 2.66836
0.343047, 0.0416134, 3.09435
0.342358, 0.0522664, 2.12202
0.342579, 0.0431086, 2.86547
0.342996, 0.0321717, 2.86527
0.342564, 0.0573005, 1.4448
0.343382, 0.047281, 2.88318
0.343663, 0.0457974, 3.10765
0.342303, 0.0328013, 2.66859
0.343649, 0.0418763, 3.33002
0.3425, 0.0521596, 2.15558
0.343615, 0.0439487, 3.21982
0.343412, 0.047518, 2.87005
0.343137, 0.0589614, 1.06422
0.342551, 0.0551735, 1.77131
0.342304, 0.0397319, 2.828
0.343462, 0.0426532, 3.2248
0.343373, 0.0596571, 0.863329
0.343502, 0.0558221, 1.67304
0.342597, 0.0600994, 0.945329
0.342653, 0.0468787, 2.6875
0.342696, 0.058851, 1.15993
0.342515, 0.0536444, 1.97691
0.343568, 0.0472872, 2.94158
0.342733, 0.0434423, 2.91012
0.343131, 0.0399543, 3.15827
0.343176, 0.0548788, 1.83938
0.342388, 0.0619463, 0.651164
0.343373, 0.0379352, 3.25538
0.342957, 0.0356682, 3.03334
0.343249, 0.0520205, 2.29242
0.342524, 0.0530015, 2.05882
0.343183, 0.0371495, 3.16438
0.343165, 0.0418796, 3.13406
0.343156, 0.0550824, 1.80398
0.342584, 0.0582465, 1.28388
0.342697, 0.0468895, 2.70031
0.343739, 0.0482035, 2.89717
0.342952, 0.0348155, 2.99858
0.343286, 0.0583154, 1.17783
0.34281, 0.0425507, 2.97304
0.343128, 0.0416704, 3.12543
0.342298, 0.0376292, 2.81883
0.343304, 0.0577955, 1.28508
0.342668, 0.0516528, 2.24184
0.343604, 0.0398711, 3.35533
0.342935, 0.0571678, 1.44041
0.342633, 0.0559524, 1.65615
0.342249, 0.0444492, 2.69112
0.343722, 0.0353773, 3.32498
0.343086, 0.0455203, 2.92591
0.343469, 0.0408193, 3.28444
0.34295, 0.0471135, 2.76237
0.342834, 0.046839, 2.74725
0.342867, 0.040688, 3.04188
0.342489, 0.0504474, 2.33709
0.342905, 0.0416779, 3.03637
0.342975, 0.0495063, 2.54597
0.342769, 0.0313137, 2.72875
0.343535, 0.0345967, 3.2124
0.34354, 0.0539277, 2.02678
0.343637, 0.0457442, 3.10278
0.342345, 0.0621282, 0.630964
0.342676, 0.0484234, 2.57162
0.343073, 0.0423112, 3.0837
0.342527, 0.0605914, 0.869027
0.343133, 0.0465939, 2.86286
0.342925, 0.0406867, 3.06503
0.342657, 0.0463958, 2.72234
0.342416, 0.0557365, 1.6887
0.343312, 0.0400445, 3.23185
0.34365, 0.0340145, 3.22355
0.342801, 0.0527887, 2.12107
0.343294, 0.0365416, 3.19452
0.342758, 0.0353642, 2.9459
0.3429, 0.0570446, 1.46496
0.343135, 0.0608222, 0.653547
0.343085, 0.0554023, 1.7476
0.342968, 0.0317304, 2.82396
0.343114, 0.0566462, 1.52562
0.342584, 0.058744, 1.19689
0.343499, 0.0570077, 1.43248
0.343415, 0.0536316, 2.06594
0.342848, 0.0599533, 0.91638
0.342912, 0.0481814, 2.65923
0.343367, 0.0374034, 3.24456
0.343721, 0.0619669, 0.164865
0.343501, 0.060456, 0.639068
0.342773, 0.0602594, 0.871846
0.343268, 0.0359364, 3.16545
0.3428, 0.0402051, 3.02144
0.343356, 0.0621983, 0.241225
0.34361, 0.0615486, 0.320779
0.343104, 0.0511242, 2.38657
0.343127, 0.0426829, 3.09156
0.342621, 0.0429394, 2.88704
0.343146, 0.0387181, 3.16822
0.343329, 0.0350911, 3.15607
0.342327, 0.0522876, 2.11515
0.342514, 0.0392471, 2.91299
0.342293, 0.0557845, 1.68173
0.342583, 0.0394258, 2.93996
0.343051, 0.033744, 2.98317
0.342799, 0.0388274, 3.02705
0.342281, 0.047556, 2.52677
0.343152, 0.0333825, 2.99936
0.343366, 0.0461918, 2.97278
0.343624, 0.0409002, 3.34696
0.342422, 0.0332402, 2.73169
0.342509, 0.0338582, 2.79193
0.343262, 0.0484442, 2.73334
0.342304, 0.0597388, 1.07451
0.343517, 0.0489072, 2.75351
0.342523, 0.0344553, 2.82264
0.343069, 0.0556377, 1.70698
0.34264, 0.0513197, 2.27491
0.343572, 0.0444455, 3.17296
0.343307, 0.0404362, 3.22455
0.342923, 0.0315318, 2.7946
0.342372, 0.031944, 2.64372
0.342766, 0.043155, 2.93422
0.342338, 0.0338504, 2.7304
0.343021, 0.0360796, 3.07191
0.343511, 0.0570944, 1.41342
0.343518, 0.0613669, 0.400571
0.342266, 0.0535615, 1.96288
0.342594, 0.0574082, 1.4248
0.34282, 0.0567279, 1.5248
0.34365, 0.0619009, 0.210093
0.342524, 0.0404742, 2.908
0.34234, 0.0532637, 2.00573
0.342841, 0.0596187, 0.985339
0.343096, 0.059012, 1.06063
0.343005, 0.0462292, 2.84854
0.342532, 0.0496354, 2.42504
0.342531, 0.0363644, 2.88749
0.343384, 0.0575833, 1.32115
0.343675, 0.0591514, 0.922176
0.342978, 0.0577613, 1.32656
0.342893, 0.0614768, 0.579589
0.342956, 0.0614766, 0.558931
0.342558, 0.0389694, 2.93064
0.343693, 0.0559456, 1.64642
0.343204, 0.0593766, 0.962296
0.343251, 0.039002, 3.212
0.343647, 0.0591795, 0.920699
0.343395, 0.034344, 3.14507
0.343489, 0.0535632, 2.08488
0.343205, 0.0383978, 3.19062
0.343249, 0.0427907, 3.1351
0.343143, 0.0404597, 3.15729
0.34358, 0.0317474, 3.02968
0.342686, 0.0376274, 2.9721
0.342751, 0.0623442, 0.437537
0.343072, 0.0454051, 2.92864
0.343163, 0.0423537, 3.11792
0.343334, 0.0585224, 1.12639
0.343638, 0.0594354, 0.859742
0.343682, 0.0538045, 2.06114
0.34369, 0.0446988, 3.20052
0.343623, 0.0490881, 2.76071
0.34342, 0.0521458, 2.3018
0.34333, 0.0356332, 3.17888
0.343536, 0.0359081, 3.27201
0.343659, 0.060518, 0.579616
0.343368, 0.0575514, 1.32933
0.342493, 0.0542462, 1.89651
0.342529, 0.0486113, 2.51558
0.342588, 0.0540633, 1.92806
0.34292, 0.0463535, 2.81112
0.343251, 0.0389751, 3.21212
0.343724, 0.0489472, 2.80509
0.343433, 0.0324984, 3.04
0.343139, 0.0482351, 2.71927
0.343483, 0.0503442, 2.56751
0.342347, 0.0406722, 2.83576
0.342713, 0.0432476, 2.91055
0.343016, 0.0499617, 2.50641
0.342486, 0.0588723, 1.1898
0.343711, 0.0589339, 0.968752
0.343021, 0.0520789, 2.24741
0.342553, 0.0438514, 2.82615
0.343196, 0.0383862, 3.18677
0.343168, 0.0453958, 2.9632
0.342646, 0.0462793, 2.72654
0.343291, 0.0371825, 3.20903
0.342797, 0.0477357, 2.66469
0.343186, 0.0329766, 2.9858
0.343164, 0.0494366, 2.6007
0.342656, 0.0614077, 0.670157
0.342488, 0.0596998, 1.04336
0.34346, 0.0590425, 0.98846
0.343376, 0.0461866, 2.97659
0.342645, 0.0382577, 2.96227
0.342464, 0.0422627, 2.84871
0.342357, 0.0418514, 2.81828
0.343004, 0.0365375, 3.07784
0.343668, 0.0597711, 0.769261
0.343019, 0.034173, 2.994
0.342558, 0.0437009, 2.83448
0.343045, 0.0384285, 3.12505
0.343016, 0.0567497, 1.51131
0.34269, 0.0328316, 2.80274
0.342543, 0.0335574, 2.78998
0.343672, 0.0408971, 3.36717
0.343629, 0.0457945, 3.09585
0.342719, 0.0345619, 2.89982
0.342942, 0.0469787, 2.77079
0.342331, 0.0375355, 2.83079
0.343062, 0.0461105, 2.87613
0.343644, 0.0497829, 2.6788
0.343667, 0.0455604, 3.12805
0.343109, 0.0478398, 2.74788
0.342517, 0.0526465, 2.10098
0.343202, 0.0539346, 1.99698
0.342736, 0.0501202, 2.42472
0.34309, 0.0509309, 2.40823
0.342518, 0.0444175, 2.78813
0.34241, 0.0537134, 1.95832
0.342502, 0.0462579, 2.68124
0.342764, 0.0562711, 1.6033
0.343273, 0.0583261, 1.17737
0.342322, 0.0342795, 2.74218
0.343039, 0.0618405, 0.446899
0.343565, 0.044777, 3.14873
0.342671, 0.043834, 2.87039
0.342804, 0.0495263, 2.50178
0.342726, 0.0550037, 1.80193
0.343629, 0.036879, 3.34096
0.343219, 0.0390981, 3.19894
0.343336, 0.0384095, 3.24484
0.342469, 0.0338249, 2.77608
0.343463, 0.0485795, 2.77552
0.342847, 0.055196, 1.77622
0.343243, 0.047187, 2.84818
0.34284, 0.0384989, 3.04225
0.343714, 0.0371665, 3.38339
0.342582, 0.0443181, 2.81589
0.343566, 0.0327707, 3.10758
0.343093, 0.0506025, 2.44898
0.343389, 0.0540132, 1.99944
0.342302, 0.041147, 2.81097
0.343026, 0.0467508, 2.81547
0.343384, 0.0359976, 3.21373
0.342392, 0.0348275, 2.78878
0.343658, 0.0487832, 2.80677
0.34283, 0.0471581, 2.72143
0.343398, 0.0555335, 1.72818
0.342372, 0.0417237, 2.82683
0.343338, 0.0558245, 1.67341
0.342598, 0.0548257, 1.82277
0.342634, 0.0513424, 2.27126
0.34227, 0.0570978, 1.49648
0.343637, 0.0489282, 2.7836
0.343219, 0.0356995, 3.13737
0.343726, 0.0597747, 0.754894
0.343198, 0.0558842, 1.66325
0.343684, 0.0393008, 3.3923
0.34343, 0.0560579, 1.62771
0.343008, 0.0527482, 2.154
0.342752, 0.0489012, 2.54914
0.343442, 0.0593131, 0.929168
0.342474, 0.0582045, 1.30475
0.343607, 0.0551677, 1.80168
0.34346, 0.0360216, 3.24543
0.34356, 0.0346147, 3.22309
0.342792, 0.0367601, 2.99889
0.342955, 0.0591649, 1.05454
0.343289, 0.0495921, 2.61438
0.342878, 0.0480915, 2.65771
0.343247, 0.0601222, 0.784878
0.342602, 0.0427082, 2.88786
0.343159, 0.0599384, 0.847768
0.342753, 0.0482212, 2.61067
0.343379, 0.0350241, 3.17278
0.343197, 0.0360683, 3.1414
0.342315, 0.0369722, 2.81612
0.343454, 0.0357352, 3.23246
0.343114, 0.0500765, 2.5161
0.343336, 0.0608402, 0.590731
0.343227, 0.0529362, 2.15517
0.342265, 0.0348289, 2.74185
0.343495, 0.0402332, 3.30521
0.342997, 0.0350721, 3.0263
0.343687, 0.04022, 3.3859
0.342511, 0.0598248, 1.01594
0.34267, 0.0367375, 2.95048
0.343575, 0.0331324, 3.13731
0.343, 0.0424051, 3.05202
0.343256, 0.0358728, 3.15839
0.34308, 0.0507404, 2.4295
0.342641, 0.0415725, 2.93472
0.343362, 0.046921, 2.90952
0.342424, 0.0480028, 2.53549
0.343133, 0.0325805, 2.94084
0.343509, 0.0383393, 3.31634
0.343344, 0.0484174, 2.75924
0.34276, 0.0454156, 2.81967
0.343256, 0.0453384, 2.99827
0.342456, 0.0510865, 2.26523
0.3435, 0.0355335, 3.24263
0.342284, 0.0363249, 2.79148
0.342251, 0.0484612, 2.45273
0.342887, 0.0456212, 2.85055
0.342987, 0.0535233, 2.04028
0.343502, 0.0416998, 3.27577
0.343277, 0.039842, 3.21958
0.343614, 0.0453185, 3.1277
0.342526, 0.0385936, 2.91683
0.342846, 0.0324082, 2.83019
0.343351, 0.0360366, 3.20187
0.342564, 0.0501605, 2.38184
0.3428, 0.055975, 1.65106
0.342692, 0.0554084, 1.73987
0.343465, 0.0526996, 2.22325
0.342659, 0.0337293, 2.83984
0.342609, 0.0559998, 1.64906
0.343107, 0.0474894, 2.77906
0.342755, 0.0379329, 3.00337
0.342411, 0.0466272, 2.62838
0.343726, 0.0378183, 3.40111
0.343458, 0.0411911, 3.27194
0.343646, 0.0511952, 2.48338
0.343024, 0.0421171, 3.07076
0.34278, 0.0419825, 2.97867
0.343166, 0.0525257, 2.20744
0.342822, 0.0512319, 2.31913
0.342626, 0.0577228, 1.36907
0.342466, 0.0385793, 2.89273
0.342789, 0.0606467, 0.788412
0.343675, 0.060571, 0.561213
0.342547, 0.0496308, 2.42922
0.343341, 0.046488, 2.94013
0.342608, 0.0341049, 2.83909
0.343464, 0.0321952, 3.02732
0.342971, 0.0517301, 2.2848
0.342618, 0.0515655, 2.24313
0.343704, 0.0400753, 3.39505
0.342889, 0.0353148, 2.99448
0.343207, 0.050077, 2.53752
0.343637, 0.0315655, 3.03282
0.343377, 0.055969, 1.64567
0.343664, 0.0490729, 2.77358
0.342796, 0.0534471, 2.03139
0.343054, 0.0469147, 2.81145
0.343735, 0.0564288, 1.5432
0.343544, 0.0530131, 2.18294
0.342341, 0.0323535, 2.65715
0.343191, 0.0315819, 2.88594
0.343326, 0.0431057, 3.15167
0.343423, 0.0449987, 3.08135
0.342655, 0.0353835, 2.90691
0.34256, 0.0516448, 2.22397
0.343157, 0.0528508, 2.15892
0.342391, 0.0324223, 2.6778
0.342859, 0.0317979, 2.79302
0.342708, 0.0367005, 2.96434
0.342498, 0.057178, 1.46928
0.342742, 0.0389363, 3.00409
0.343035, 0.0614259, 0.544716
0.343032, 0.0456656, 2.89744
0.342774, 0.0486959, 2.57403
0.342955, 0.0610504, 0.654812
0.342313, 0.0333309, 2.69811
0.342447, 0.0576883, 1.39205
0.342849, 0.032708, 2.85037
0.343744, 0.050264, 2.638
0.342418, 0.042688, 2.81865
0.342734, 0.0362703, 2.96424
0.342985, 0.0494492, 2.55446
0.343594, 0.059403, 0.876841
0.34316, 0.0516568, 2.32756
0.343099, 0.0464228, 2.865
0.34352, 0.0414543, 3.29023
0.343432, 0.0624861, 0.134959
0.343722, 0.0331451, 3.19227
0.342333, 0.0521161, 2.13461
0.342423, 0.0528173, 2.06827
0.343525, 0.0505221, 2.55302
0.34269, 0.0416703, 2.95164
0.343679, 0.0468483, 3.01974
0.342784, 0.0454316, 2.82708
0.343108, 0.0547105, 1.86444
0.342756, 0.0586615, 1.18565
0.342411, 0.0375448, 2.86226
0.342662, 0.0389677, 2.97222
0.342712, 0.0345307, 2.89601
0.34325, 0.0442602, 3.06361
0.34253, 0.0606119, 0.86432
0.34322, 0.0429902, 3.11555
0.342709, 0.0406353, 2.97933
0.342881, 0.0465646, 2.78286
0.342771, 0.0397715, 3.01343
0.343565, 0.0554745, 1.74123
0.343307, 0.0511917, 2.41754
0.34287, 0.0434225, 2.96259
0.342698, 0.0515184, 2.26267
0.343325, 0.0371224, 3.22165
0.343323, 0.0518348, 2.33123
0.342584, 0.0428448, 2.87666
0.342889, 0.0331372, 2.89018
0.342636, 0.050723, 2.33948
0.342544, 0.0455602, 2.73722
0.343563, 0.0362976, 3.29633
0.343583, 0.0344659, 3.22402
0.342289, 0.0325218, 2.64922
0.34308, 0.0455972, 2.91877
0.342767, 0.0506718, 2.37224
0.342559, 0.0468595, 2.65923
0.34292, 0.0598039, 0.930874
0.343104, 0.0569047, 1.47792
0.343339, 0.0343238, 3.12268
0.343629, 0.05302, 2.19237
0.342858, 0.0578316, 1.32603
0.342538, 0.0487546, 2.50573
0.342709, 0.0463408, 2.74296
0.342399, 0.0621129, 0.614882
0.343405, 0.0418088, 3.23273
0.343079, 0.0369594, 3.11802
0.342256, 0.0499759, 2.32992
0.34334, 0.0337339, 3.08965
0.342476, 0.0350171, 2.82676
0.343307, 0.0494636, 2.63398
0.342382, 0.0624776, 0.549427
0.343352, 0.0512577, 2.41717
0.342502, 0.0605463, 0.884073
0.34239, 0.0416861, 2.83449
0.342247, 0.0346419, 2.72849
0.34278, 0.0437711, 2.91353
0.342403, 0.0562412, 1.61612
0.342472, 0.0535711, 1.98211
0.343186, 0.0429343, 3.10437
0.34266, 0.0359725, 2.92721
0.342778, 0.0577848, 1.3429
0.342484, 0.0590598, 1.15765
0.343586, 0.0574772, 1.32461
0.342659, 0.0352704, 2.90454
0.343146, 0.0414277, 3.1388
0.342369, 0.0362251, 2.8215
0.343517, 0.0604273, 0.641777
0.342763, 0.0394785, 3.01202
0.342901, 0.0375437, 3.05716
0.343392, 0.0537587, 2.04263
0.343045, 0.0504487, 2.45707
0.343605, 0.0583236, 1.13127
0.343333, 0.0512223, 2.41839
0.34283, 0.0434087, 2.94817
0.343426, 0.0532074, 2.13698
0.342998, 0.0354668, 3.04213
0.342836, 0.0423469, 2.98988
0.343717, 0.0619838, 0.161363
0.342698, 0.0525811, 2.13398
0.342303, 0.057668, 1.40867
0.342866, 0.0419089, 3.01464
0.342415, 0.0385983, 2.8728
0.34281, 0.0550747, 1.79404
0.343168, 0.059858, 0.863492
0.342887, 0.0419296, 3.02231
0.343549, 0.034874, 3.23224
0.343439, 0.0535349, 2.08448
0.342954, 0.048282, 2.66202
0.34334, 0.031444, 2.92344
0.342318, 0.0367754, 2.81354
0.343147, 0.0510558, 2.40386
0.34318, 0.0442618, 3.03768
0.342644, 0.0421253, 2.92201
0.342844, 0.0582313, 1.25358
0.343039, 0.0561805, 1.61243
0.343679, 0.0500831, 2.64755
0.343683, 0.0322711, 3.10969
0.343592, 0.0501133, 2.62295
0.342716, 0.048805, 2.54848
0.343504, 0.058778, 1.04186
0.343009, 0.0423648, 3.05661
0.343034, 0.0484181, 2.67162
0.343061, 0.0532071, 2.0947
0.342284, 0.0614002, 0.787356
0.343281, 0.0367416, 3.1947
0.34355, 0.0544701, 1.93037
0.343227, 0.0319371, 2.92584
0.342959, 0.0552664, 1.76778
0.343183, 0.0462851, 2.90349
0.343477, 0.0529892, 2.17852
0.343185, 0.0580301, 1.25044
0.343295, 0.0420389, 3.18118
0.342946, 0.0471129, 2.7612
0.342289, 0.0324304, 2.6441
0.342761, 0.0563225, 1.59496
0.342644, 0.0393566, 2.96455
0.342949, 0.0614676, 0.563492
0.343101, 0.0535197, 2.05238
0.342287, 0.061557, 0.757672
0.343643, 0.031751, 3.05138
0.343625, 0.046, 3.0773
0.342489, 0.04045, 2.89476
0.343101, 0.05669, 1.51813
0.342399, 0.0545037, 1.85651
0.343544, 0.0385465, 3.33235
0.342292, 0.0601057, 1.01454
0.343105, 0.0348077, 3.05666
0.343289, 0.0334207, 3.05172
0.343193, 0.0405018, 3.17689
0.343336, 0.0365462, 3.21153
0.3437, 0.0582488, 1.13529
0.343084, 0.060719, 0.691626
0.343691, 0.0568932, 1.44459
0.342841, 0.0623796, 0.395426
0.343592, 0.0422914, 3.29158
0.343065, 0.0551763, 1.7854
0.342694, 0.0337597, 2.85389
0.343268, 0.0507328, 2.46986
0.343283, 0.0496892, 2.60155
0.342607, 0.0514004, 2.25971
0.343315, 0.0570439, 1.43757
0.343131, 0.0425576, 3.098
0.342376, 0.0433641, 2.78042
0.343368, 0.043315, 3.15828
0.343371, 0.0321796, 2.99402
0.343015, 0.0321107, 2.86732
0.342308, 0.0456548, 2.65259
0.343069, 0.0408128, 3.12138
0.343303, 0.0390411, 3.23361
0.343228, 0.034796, 3.10352
0.342596, 0.0519412, 2.19606
0.343067, 0.0469386, 2.81343
0.342832, 0.057782, 1.33786
0.343035, 0.0529083, 2.13482
0.342653, 0.0480136, 2.59995
0.34228, 0.0401665, 2.81517
0.343223, 0.0548199, 1.85145
0.342386, 0.047731, 2.54496
0.342383, 0.0531717, 2.02152
0.343677, 0.0480075, 2.90037
0.343034, 0.0497315, 2.53607
0.343121, 0.0384943, 3.15686
0.342362, 0.0392602, 2.8524
0.342944, 0.0400366, 3.08128
0.342525, 0.0531517, 2.04035
0.342336, 0.0327723, 2.67804
0.342562, 0.0553425, 1.74716
0.343211, 0.0506977, 2.46234
0.343305, 0.061633, 0.404488
0.343735, 0.0333093, 3.20911
0.343444, 0.0454925, 3.05372
0.342582, 0.0444094, 2.81132
0.343517, 0.0603115, 0.670685
0.343626, 0.0356482, 3.29814
0.343213, 0.0338169, 3.04737
0.343501, 0.0500805, 2.60595
0.342469, 0.0560443, 1.64391
0.343392, 0.0326006, 3.03322
0.342851, 0.0549592, 1.8134
0.343578, 0.0347209, 3.23589
0.343452, 0.0379448, 3.28838
0.342781, 0.0369757, 2.99913
0.343192, 0.0355876, 3.12273
0.342575, 0.0405877, 2.92674
0.342936, 0.0513424, 2.32727
0.342428, 0.0456339, 2.69393
0.343502, 0.0322858, 3.04752
0.34243, 0.0341376, 2.77581
0.343221, 0.05431, 1.93719
0.342909, 0.0484295, 2.63567
0.342312, 0.0446406, 2.70476
0.342499, 0.040188, 2.90135
0.343008, 0.0438018, 2.99717
0.34298, 0.0343955, 2.99024
0.343445, 0.0370381, 3.26891
0.342685, 0.0460861, 2.75199
0.342685, 0.0429388, 2.91172
0.34229, 0.0605652, 0.935157
0.343298, 0.0321749, 2.96851
0.342605, 0.0580229, 1.31991
0.342599, 0.0603747, 0.892072
0.343186, 0.033595, 3.02434
0.343338, 0.0479152, 2.80881
0.343728, 0.0529432, 2.21805
0.342303, 0.0521149, 2.13011
0.343417, 0.0416979, 3.24093
0.343421, 0.0584162, 1.1368
0.34339, 0.0339707, 3.12216
0.342445, 0.0505912, 2.31339
0.342842, 0.0561935, 1.61438
0.343618, 0.0497177, 2.68077
0.342845, 0.0485762, 2.60436
0.343058, 0.0456482, 2.90758
0.342605, 0.0384053, 2.94724
0.343549, 0.03152, 2.99924
0.342476, 0.0355816, 2.84521
0.343169, 0.0511027, 2.40223
0.343738, 0.0360504, 3.35943
0.342991, 0.0467605, 2.80346
0.342403, 0.0379367, 2.86356
0.342987, 0.0496547, 2.53302
0.3431, 0.0506695, 2.44229
0.34256, 0.0584689, 1.24868
0.3426, 0.0576958, 1.37616
0.343558, 0.0495387, 2.68852
0.342267, 0.0391621, 2.81518
0.342885, 0.03937, 3.06172
0.342394, 0.0606774, 0.888025
0.34273, 0.0452459, 2.8192
0.342645, 0.0330604, 2.79994
0.34304, 0.0575169, 1.367
0.343442, 0.0606169, 0.615068
0.342486, 0.0509246, 2.2879
0.343187, 0.034449, 3.07097
0.343407, 0.0391206, 3.27657
0.343635, 0.0480332, 2.88519
0.343265, 0.0316813, 2.91825
0.342622, 0.0429108, 2.88878
0.343141, 0.0427595, 3.09389
0.342652, 0.0469239, 2.68393
0.343055, 0.0501969, 2.48853
0.342257, 0.0455803, 2.63962
0.34353, 0.037151, 3.30641
0.343405, 0.0577707, 1.27932
0.343627, 0.0322734, 3.09043
0.343353, 0.0619923, 0.295705
0.342986, 0.0477819, 2.71667
0.342968, 0.0582523, 1.23344
0.343491, 0.0392994, 3.31148
0.343713, 0.0425497, 3.33018
0.343199, 0.0560079, 1.64068
0.342482, 0.0495421, 2.42179
0.343398, 0.0324941, 3.0273
0.342279, 0.0332694, 2.68342
0.342655, 0.041809, 2.93469
0.343013, 0.0409932, 3.09497
0.342667, 0.0580655, 1.30535
0.342692, 0.0315241, 2.71966
0.342488, 0.0392141, 2.90232
0.343327, 0.062465, 0.183202
0.343009, 0.0405485, 3.10128
0.342453, 0.0601188, 0.975113
0.34277, 0.0485378, 2.58726
0.342622, 0.0554363, 1.73445
0.343394, 0.0394406, 3.27059
0.343483, 0.047366, 2.90692
0.342277, 0.0507763, 2.26095
0.34267, 0.0531485, 2.05757
0.343127, 0.0509998, 2.40699
0.343032, 0.0394704, 3.12115
0.342565, 0.0461407, 2.70894
0.343196, 0.0560524, 1.63259
0.343464, 0.0412304, 3.27315
0.343436, 0.0428806, 3.20493
0.342735, 0.0621684, 0.48197
0.342427, 0.0348917, 2.804
0.343606, 0.0390564, 3.35985
0.343133, 0.0597716, 0.89043
0.342347, 0.0353403, 2.78881
0.342578, 0.049101, 2.48567
0.342744, 0.0377164, 2.99665
0.342977, 0.0374521, 3.08643
0.34242, 0.0384523, 2.87411
0.342397, 0.0350615, 2.79865
0.343125, 0.0475384, 2.78025
0.342319, 0.0428319, 2.77705
0.343112, 0.0563049, 1.58833
0.34367, 0.0478465, 2.91585
0.342913, 0.0395397, 3.07229
0.343174, 0.0455414, 2.95519
0.342688, 0.0408378, 2.96784
0.34303, 0.0493572, 2.57553
0.3432, 0.0571498, 1.42473
0.342858, 0.044053, 2.92926
0.342629, 0.0387696, 2.95853
0.342297, 0.0580286, 1.35372
0.343034, 0.0393181, 3.12237
0.343283, 0.0559769, 1.64532
0.343607, 0.0585001, 1.08995
0.34262, 0.0443555, 2.82769
0.342304, 0.0520675, 2.13546
0.342714, 0.0591025, 1.10996
0.342998, 0.0508414, 2.4003
0.343721, 0.0454456, 3.15651
0.343703, 0.0504085, 2.60847
0.342963, 0.0416812, 3.05935
0.342385, 0.0329789, 2.70563
0.342891, 0.0521216, 2.22116
0.342732, 0.0339717, 2.87814
0.342725, 0.0464932, 2.73776
0.343442, 0.0393069, 3.29091
0.343069, 0.0365482, 3.10427
0.343175, 0.0567074, 1.51128
0.343038, 0.0369325, 3.10116
0.343032, 0.0438573, 3.00339
0.342948, 0.0453651, 2.88801
0.342342, 0.0572481, 1.46929
0.342246, 0.0402786, 2.80108
0.342266, 0.0477405, 2.50962
0.342276, 0.0481725, 2.48139
0.343746, 0.0316342, 3.07574
0.343336, 0.0504596, 2.5195
0.343005, 0.0456293, 2.89067
0.342509, 0.0436851, 2.8171
0.342568, 0.0463273, 2.69823
0.343308, 0.035507, 3.16513
0.342862, 0.0373144, 3.03775
0.342905, 0.0499079, 2.48611
0.34287, 0.0432163, 2.97121
0.343417, 0.0502689, 2.56224
0.343484, 0.0525001, 2.25728
0.342455, 0.0417741, 2.85754
0.343125, 0.0620032, 0.377218
0.343219, 0.0477839, 2.78602
0.342997, 0.0490388, 2.60003
0.343322, 0.0473133, 2.86147
0.342328, 0.0466898, 2.59849
0.343224, 0.0430223, 3.11571
0.343216, 0.0586341, 1.12041
0.342532, 0.0587009, 1.21242
0.343261, 0.0323869, 2.97151
0.343285, 0.0558229, 1.67396
0.342728, 0.044072, 2.88066
0.343282, 0.0439788, 3.09133
0.3433, 0.0552152, 1.78487
0.342845, 0.0345299, 2.94569
0.342988, 0.0431209, 3.02032
0.34315, 0.0469432, 2.83966
0.343061, 0.0567893, 1.50178
0.343295, 0.0390086, 3.22997
0.342263, 0.0561629, 1.62988
0.343135, 0.0332503, 2.9849
0.343538, 0.0600527, 0.729787
0.342392, 0.0602861, 0.959285
0.343512, 0.0597435, 0.811894
0.342867, 0.052909, 2.11337
0.342785, 0.0375167, 3.01018
0.342683, 0.0462725, 2.73924
0.343317, 0.0603922, 0.70381
0.342772, 0.0401854, 3.01031
0.343718, 0.0375594, 3.39309
0.343064, 0.0482993, 2.69156
0.342873, 0.0389111, 3.05717
0.342383, 0.035116, 2.79532
0.342885, 0.0491025, 2.56462
0.343177, 0.0551295, 1.79653
0.342271, 0.0458104, 2.63208
0.343006, 0.031854, 2.84583
0.343713, 0.0426144, 3.32731
0.342979, 0.0490934, 2.58998
0.342657, 0.0393056, 2.97001
0.343436, 0.0601541, 0.730457
0.342869, 0.0507129, 2.38884
0.342792, 0.0469436, 2.72632
0.342887, 0.0341743, 2.9448
0.342423, 0.0400233, 2.87278
0.343674, 0.0408123, 3.36979
0.34356, 0.0489822, 2.75642
0.343702, 0.0332479, 3.19232
0.3427, 0.0422637, 2.93971
0.343345, 0.0318619, 2.95978
0.343519, 0.0360745, 3.27094
0.343647, 0.0444345, 3.2019
0.34319, 0.0452206, 2.98271
0.343102, 0.0618005, 0.434075
0.342964, 0.0472052, 2.75917
0.342893, 0.0523359, 2.19362
0.343074, 0.06073, 0.691792
0.343649, 0.0315998, 3.03985
0.343516, 0.0573497, 1.35861
0.34348, 0.0602898, 0.685962
0.342299, 0.0404622, 2.81973
0.343195, 0.0435867, 3.07839
0.343582, 0.0510911, 2.48594
0.343529, 0.0544998, 1.92369
0.343274, 0.0569769, 1.45355
0.343684, 0.0419776, 3.34076
0.343392, 0.050988, 2.4619
0.343517, 0.0428493, 3.23832
0.342635, 0.0379431, 2.95557
0.342744, 0.0351284, 2.93173
0.343209, 0.0544223, 1.91778
0.342323, 0.0430174, 2.77259
0.343334, 0.0349539, 3.15201
0.342642, 0.05329, 2.03591
0.342324, 0.0393178, 2.83753
0.342417, 0.0356487, 2.82467
0.342318, 0.0491693, 2.41389
0.343749, 0.0530204, 2.20734
0.343632, 0.0594286, 0.862609
0.34365, 0.0450658, 3.15944
0.343487, 0.0388558, 3.30995
0.343546, 0.0606276, 0.58308
0.342698, 0.0391648, 2.98647
0.343034, 0.0389978, 3.12266
0.342361, 0.0537505, 1.94926
0.343244, 0.0447831, 3.0301
0.34287, 0.042878, 2.98447
0.343738, 0.0529646, 2.21558
0.342258, 0.0506234, 2.27154
0.342352, 0.043511, 2.76592
0.343189, 0.0388419, 3.18624
0.342937, 0.0558465, 1.67134
0.342606, 0.0453827, 2.76852
0.34246, 0.0609137, 0.825939
0.343466, 0.0397458, 3.29875
0.342584, 0.0335976, 2.80641
0.342715, 0.0437605, 2.89004
0.343187, 0.0493319, 2.6183
0.343227, 0.0547142, 1.86969
0.342668, 0.0407007, 2.96199
0.34228, 0.036856, 2.80057
0.343074, 0.0320076, 2.87977
0.343439, 0.0329441, 3.07457
0.343543, 0.0500839, 2.61533
0.343212, 0.0523393, 2.24113
0.342447, 0.0438001, 2.78961
0.343182, 0.0421191, 3.13346
0.342511, 0.045256, 2.74303
0.342774, 0.0406431, 3.00521
0.343546, 0.0474979, 2.91382
0.343481, 0.0474833, 2.89503
0.343736, 0.0385396, 3.41312
0.34345, 0.0441209, 3.1468
0.342816, 0.0341845, 2.91903
0.342425, 0.0439603, 2.77485
0.343233, 0.0622783, 0.268272
0.342681, 0.0479776, 2.61089
0.342861, 0.0512737, 2.32153
0.3424, 0.0433001, 2.79149
0.343121, 0.0608861, 0.642658
0.343747, 0.060856, 0.464034
0.342927, 0.0333752, 2.91739
0.342307, 0.0564789, 1.58434
0.343546, 0.0327079, 3.09585
0.343347, 0.049561, 2.63248
0.342677, 0.0315944, 2.71976
0.34365, 0.0322712, 3.09828
0.342641, 0.0366, 2.93574
0.342496, 0.040893, 2.89119
0.343096, 0.0523502, 2.22213
0.342563, 0.0536394, 1.98218
0.342541, 0.0374365, 2.91184
0.342658, 0.0361468, 2.93153
0.343301, 0.0337875, 3.07817
0.342781, 0.049946, 2.45321
0.343718, 0.0326514, 3.15313
0.342616, 0.0555642, 1.71523
0.343401, 0.0574075, 1.35642
0.343717, 0.0525464, 2.28375
0.343734, 0.0370992, 3.39018
0.342406, 0.0619198, 0.650046
0.343256, 0.0545017, 1.90731
0.342939, 0.0599928, 0.887181
0.342942, 0.0410498, 3.06526
0.343539, 0.0373734, 3.31511
0.342942, 0.0624206, 0.346667
0.343741, 0.0471731, 3.008
0.342583, 0.0604544, 0.880862
0.342285, 0.0560263, 1.64849
0.342307, 0.0316831, 2.60723
0.342698, 0.0375468, 2.97579
0.343695, 0.0488525, 2.80868
0.343408, 0.0604361, 0.669028
0.343091, 0.0596989, 0.915576
0.343573, 0.0540326, 2.01091
0.343441, 0.05422, 1.96785
0.342499, 0.0544959, 1.86345
0.343557, 0.0585909, 1.0766
0.342841, 0.0467987, 2.75268
0.342451, 0.0586979, 1.22505
0.342947, 0.0564299, 1.57113
0.343212, 0.0376473, 3.1851
0.342878, 0.0605449, 0.785834
0.343082, 0.0552863, 1.76727
0.342946, 0.0435093, 2.98746
0.342289, 0.0415463, 2.79876
0.342401, 0.0518865, 2.1705
0.343318, 0.0364348, 3.20117
0.34248, 0.0372516, 2.88495
0.343664, 0.0397551, 3.38162
0.342558, 0.0567925, 1.52688
0.342589, 0.0552209, 1.76549
0.3437, 0.0452567, 3.16348
0.342478, 0.0606845, 0.864502
0.342732, 0.0563806, 1.58626
0.343749, 0.0584074, 1.09049
0.343251, 0.0432789, 3.11453
0.342631, 0.0623974, 0.471448
0.343325, 0.0403891, 3.23261
0.342264, 0.0360669, 2.77766
0.343292, 0.0398041, 3.22571
0.342547, 0.0380767, 2.92182
0.342361, 0.0433432, 2.77564
0.343572, 0.0435686, 3.22478
0.342838, 0.0543235, 1.90933
0.343132, 0.0504141, 2.48022
0.342324, 0.0524975, 2.09153
0.343275, 0.0593707, 0.949425
0.342629, 0.0554058, 1.73914
0.343099, 0.0568937, 1.4803
0.343681, 0.0337243, 3.2171
0.343023, 0.0399794, 3.11418
0.342889, 0.0558445, 1.67187
0.342754, 0.0471241, 2.70051
0.343219, 0.0371757, 3.17939
0.342496, 0.0425017, 2.8542
0.343412, 0.0579946, 1.23034
0.342366, 0.0503894, 2.31621
0.342505, 0.0455241, 2.72596
0.342772, 0.0498215, 2.46384
0.343648, 0.0578944, 1.22444
0.342481, 0.034253, 2.79908
0.343281, 0.061379, 0.475579
0.343196, 0.0484456, 2.71455
0.343659, 0.0355488, 3.30694
0.34305, 0.0331213, 2.9465
0.342979, 0.0551658, 1.78473
0.343014, 0.0565863, 1.54092
0.343671, 0.0547002, 1.89402
0.343059, 0.0599443, 0.869633
0.34312, 0.0365577, 3.12476
0.342961, 0.0506927, 2.41025
0.342896, 0.0542708, 1.92116
0.343731, 0.0618245, 0.201184
0.342827, 0.0326038, 2.83628
0.342971, 0.0489983, 2.59742
0.343507, 0.0444228, 3.15007
0.342751, 0.0426334, 2.9476
0.34343, 0.0366214, 3.25195
0.342726, 0.0458373, 2.7818
0.343329, 0.0431792, 3.1496
0.342637, 0.0404037, 2.95399
0.342728, 0.0477985, 2.63932
0.342717, 0.0581863, 1.27792
0.343369, 0.0456687, 3.01426
0.342414, 0.0577768, 1.38102
0.343403, 0.0351855, 3.18949
0.342767, 0.0477925, 2.65108
0.343474, 0.0622886, 0.171449
0.342369, 0.0609067, 0.852675
0.342525, 0.0338464, 2.79721
0.342522, 0.0383614, 2.91378
0.343596, 0.0331878, 3.14898
0.343215, 0.0451912, 2.99362
0.343613, 0.0582054, 1.15747
0.342945, 0.031993, 2.83532
0.342707, 0.0470761, 2.68989
0.342548, 0.0315039, 2.67216
0.34277, 0.0583389, 1.24326
0.343319, 0.050003, 2.5728
0.34232, 0.036375, 2.80635
0.342693, 0.0326653, 2.79398
0.343421, 0.0592657, 0.944374
0.343421, 0.0388191, 3.28212
0.343279, 0.0616968, 0.397698
0.342467, 0.0557824, 1.6822
0.342403, 0.0400405, 2.86468
0.343693, 0.0334249, 3.20151
0.342665, 0.0496457, 2.45618
0.343622, 0.0312861, 3.00179
0.343154, 0.0437519, 3.0548
0.343197, 0.0340802, 3.0557
0.342891, 0.0528219, 2.12836
0.342773, 0.0443745, 2.88221
0.342918, 0.0507432, 2.39549
0.343145, 0.0355385, 3.10228
0.342317, 0.0553787, 1.73704
0.342533, 0.0326487, 2.73819
0.343379, 0.0485695, 2.7529
0.342966, 0.0560555, 1.63554
0.343171, 0.0345496, 3.07005
0.343221, 0.0532761, 2.10263
0.342256, 0.0502646, 2.30413
0.343239, 0.0371391, 3.18684
0.34267, 0.0438566, 2.86905
0.342292, 0.0484064, 2.46794
0.34233, 0.0529154, 2.04511
0.343017, 0.0616878, 0.490308
0.34361, 0.0537043, 2.07235
0.342696, 0.0325963, 2.79069
0.342925, 0.0314141, 2.78622
0.34257, 0.0346324, 2.84729
0.343658, 0.0344059, 3.24985
0.342541, 0.062482, 0.488021
0.342693, 0.0517021, 2.24041
0.343299, 0.0565737, 1.53119
0.343428, 0.0597334, 0.833313
0.342261, 0.0480224, 2.48821
0.342443, 0.0461626, 2.66799
0.342743, 0.0350972, 2.93028
0.342506, 0.0508113, 2.30363
0.343486, 0.0602896, 0.684372
0.342998, 0.0491483, 2.58916
0.343148, 0.0391075, 3.16935
0.343694, 0.0345382, 3.27125
0.342987, 0.0475452, 2.73759
0.342385, 0.0327264, 2.69244
0.343338, 0.0512007, 2.42222
0.342854, 0.0317834, 2.79051
0.342252, 0.0517743, 2.15766
0.342694, 0.0407684, 2.97122
0.342308, 0.038845, 2.83098
0.342255, 0.0514403, 2.19191
0.342781, 0.0450204, 2.85031
0.342991, 0.044493, 2.95513
0.343185, 0.0460629, 2.92142
0.342529, 0.0401451, 2.91376
0.342264, 0.0488451, 2.42636
0.342741, 0.0331664, 2.83949
0.342868, 0.0616369, 0.552432
0.342255, 0.0542214, 1.88285
0.342645, 0.0398353, 2.96245
0.342609, 0.0445942, 2.81213
0.342543, 0.0476883, 2.59383
0.342504, 0.0521199, 2.16079
0.343304, 0.040701, 3.21907
0.343003, 0.0614381, 0.55229
0.342539, 0.0586318, 1.22332
0.34355, 0.0325828, 3.08768
0.343194, 0.031562, 2.88527
0.342248, 0.0317463, 2.59218
0.343684, 0.0481498, 2.88684
0.343278, 0.0510138, 2.43545
0.343434, 0.0487578, 2.74749
0.342679, 0.0618062, 0.579692
0.343602, 0.037349, 3.34062
0.343686, 0.0353756, 3.31021
0.342951, 0.0601055, 0.860486
0.342959, 0.0517207, 2.28393
0.343077, 0.0371831, 3.1218
0.343134, 0.0438911, 3.04011
0.342712, 0.0462909, 2.74728
0.343296, 0.0467399, 2.90381
0.343181, 0.0384917, 3.18133
0.342432, 0.0509771, 2.27194
0.343621, 0.0419758, 3.31518
0.343413, 0.0422049, 3.22292
0.343211, 0.0592591, 0.986572
0.343664, 0.0368687, 3.35491
0.343315, 0.0623451, 0.219119
0.343067, 0.0496738, 2.55044
0.343059, 0.0442208, 2.99479
0.343333, 0.0351345, 3.15961
0.34237, 0.0380331, 2.85145
0.342794, 0.0498608, 2.46519
0.342606, 0.0349548, 2.87314
0.342311, 0.0468405, 2.58364
0.34244, 0.0362499, 2.8495
0.342332, 0.0325184, 2.66318
0.342603, 0.0344243, 2.85112
0.342615, 0.0499661, 2.41268
0.342819, 0.0354112, 2.97092
0.343486, 0.0608749, 0.537656
0.343673, 0.0409693, 3.36601
0.3429, 0.0424135, 3.01241
0.34243, 0.0545054, 1.85811
0.343119, 0.0596484, 0.92056
0.343629, 0.033852, 3.20539
0.343609, 0.0395597, 3.35955
0.342671, 0.05164, 2.24382
0.343053, 0.0355009, 3.06494
0.343172, 0.0528942, 2.15439
0.343335, 0.0372784, 3.22881
0.343189, 0.0504959, 2.48278
0.343429, 0.0419008, 3.23955
0.342612, 0.0380547, 2.94766
0.342477, 0.0390378, 2.89836
0.342533, 0.0373238, 2.90716
0.342684, 0.0438109, 2.87624
0.343389, 0.0495834, 2.6405
0.343352, 0.0562677, 1.58867
0.342934, 0.0560512, 1.63674
0.343533, 0.0434091, 3.21782
0.342792, 0.0572423, 1.43756
0.343486, 0.0353098, 3.22755
0.343533, 0.040203, 3.32174
0.342605, 0.0445083, 2.81484
0.34356, 0.0411387, 3.31493
0.343665, 0.0553688, 1.76348
0.343335, 0.0507845, 2.47742
0.342578, 0.0572783, 1.44743
0.343737, 0.0325461, 3.1516
0.342669, 0.0391633, 2.97469
0.343601, 0.0352267, 3.2697
0.343108, 0.0596936, 0.912969
0.343239, 0.0533492, 2.09322
0.343365, 0.0551598, 1.79659
0.342957, 0.0390665, 3.09137
0.342836, 0.0422061, 2.99402
0.343695, 0.0566438, 1.4986
0.342759, 0.0364468, 2.97876
0.342484, 0.0561194, 1.63259
0.343445, 0.040158, 3.28575
0.342423, 0.0408321, 2.86324
0.342784, 0.0456763, 2.81159
0.343392, 0.0468703, 2.92378
0.343591, 0.0498047, 2.66307
0.342263, 0.0500269, 2.32705
0.343566, 0.0377261, 3.33263
0.343195, 0.0453818, 2.97371
0.342701, 0.0610856, 0.722865
0.343039, 0.0511298, 2.37318
0.343139, 0.0594871, 0.951244
0.343062, 0.0329866, 2.9425
0.343291, 0.0528583, 2.1752
0.342447, 0.0381218, 2.88253
0.343096, 0.0498459, 2.53821
0.342641, 0.0358852, 2.9173
0.34255, 0.0538444, 1.95418
0.342589, 0.0324167, 2.74384
0.34283, 0.0491649, 2.54409
0.342259, 0.0532008, 2.00397
0.342314, 0.0318909, 2.62168
0.343134, 0.0359839, 3.11355
0.342286, 0.0526658, 2.06767
0.343638, 0.0426842, 3.29396
0.343365, 0.0453508, 3.03613
0.342943, 0.0321043, 2.84261
0.343536, 0.055901, 1.65722
0.342353, 0.0368149, 2.82787
0.342265, 0.0435947, 2.73107
0.343672, 0.058323, 1.12175
0.342852, 0.0533325, 2.0533
0.343059, 0.0583613, 1.19981
0.343456, 0.0584457, 1.12512
0.342409, 0.0485315, 2.48996
0.343073, 0.0382862, 3.13571
0.34264, 0.0556293, 1.70563
0.343373, 0.0470122, 2.90513
0.343521, 0.0527172, 2.22808
0.343315, 0.0538755, 2.01627
0.343378, 0.0519012, 2.33103
0.342541, 0.0351709, 2.85631
0.342716, 0.0345901, 2.90015
0.34251, 0.0339405, 2.79589
0.34268, 0.062127, 0.511109
0.343446, 0.0409156, 3.2731
0.343609, 0.0434521, 3.2454
0.343681, 0.0467195, 3.03264
0.343556, 0.0449479, 3.13347
0.342282, 0.0364998, 2.79433
0.343086, 0.0544653, 1.90317
0.342801, 0.0370311, 3.00819
0.343432, 0.0559461, 1.64944
0.342421, 0.0373254, 2.86294
0.34331, 0.033391, 3.0574
0.34354, 0.0571879, 1.39132
0.342967, 0.043579, 2.99236
0.343203, 0.0583562, 1.18082
0.343123, 0.0346218, 3.05508
0.342829, 0.0323824, 2.82288
0.342632, 0.0545395, 1.8652
0.343507, 0.0604457, 0.639869
0.34335, 0.0561832, 1.60503
0.343082, 0.0588115, 1.10479
0.343381, 0.045296, 3.04571
0.343739, 0.0463449, 3.08677
0.343322, 0.0601437, 0.761457
0.342481, 0.0368707, 2.87883
0.343423, 0.0438511, 3.15179
0.342321, 0.0513801, 2.20983
0.342268, 0.0577506, 1.39942
0.343096, 0.0616488, 0.472359
0.342346, 0.0374964, 2.83621
0.343223, 0.0330835, 3.00622
0.342737, 0.0449938, 2.8362