0.4375, 0.125, 0, -495.088, 495.088
0.4375, 0.126, 0, -490.452, 490.452
0.4375, 0.127, 0, -485.838, 485.838
0.4375, 0.128, 0, -481.246, 481.246
0.4375, 0.129, 0, -476.674, 476.674
0.4375, 0.13, 0, -472.124, 472.124
0.4375, 0.131, 0, -467.595, 467.595
0.4375, 0.132, 0, -463.087, 463.087
0.4375, 0.133, 0, -458.601, 458.601
0.4375, 0.134, 0, -454.135, 454.135
0.4375, 0.135, 0, -449.691, 449.691
0.4375, 0.136, 0, -445.269, 445.269
0.4375, 0.137, 0, -440.867, 440.867
0.4375, 0.138, 0, -436.487, 436.487
0.4375, 0.139, 0, -432.128, 432.128
0.4375, 0.14, 0, -427.79, 427.79
0.4375, 0.141, 0, -423.474, 423.474
0.4375, 0.142, 0, -419.178, 419.178
0.4375, 0.143, 0, -414.905, 414.905
0.4375, 0.144, 0, -410.652, 410.652
0.4375, 0.145, 0, -406.42, 406.42
0.4375, 0.146, 0, -402.21, 402.21
0.4375, 0.147, 0, -398.021, 398.021
0.4375, 0.148, 0, -393.853, 393.853
0.4375, 0.149, 0, -389.707, 389.707
0.4375, 0.15, 0, -385.582, 385.582
0.4375, 0.151, 0, -381.478, 381.478
0.4375, 0.152, 0, -377.395, 377.395
0.4375, 0.153, 0, -373.334, 373.334
0.4375, 0.154, 0, -369.294, 369.294
0.4375, 0.155, 0, -365.275, 365.275
0.4375, 0.156, 0, -361.277, 361.277
0.4425, 0.125, 0, -521.368, 521.368
0.4425, 0.126, 0, -516.501, 516.501
0.4425, 0.127, 0, -511.657, 511.657
0.4425, 0.128, 0, -506.835, 506.835
0.4425, 0.129, 0, -502.035, 502.035
0.4425, 0.13, 0, -497.258, 497.258
0.4425, 0.131, 0, -492.503, 492.503
0.4425, 0.132, 0, -487.77, 487.77
0.4425, 0.133, 0, -483.06, 483.06
0.4425, 0.134, 0, -478.371, 478.371
0.4425, 0.135, 0, -473.705, 473.705
0.4425, 0.136, 0, -469.062, 469.062
0.4425, 0.137, 0, -464.44, 464.44
0.4425, 0.138, 0, -459.841, 459.841
0.4425, 0.139, 0, -455.264, 455.264
0.4425, 0.14, 0, -450.709, 450.709
0.4425, 0.141, 0, -446.177, 446.177
0.4425, 0.142, 0, -441.667, 441.667
0.4425, 0.143, 0, -437.179, 437.179
0.4425, 0.144, 0, -432.714, 432.714
0.4425, 0.145, 0, -428.271, 428.271
0.4425, 0.146, 0, -423.85, 423.85
0.4425, 0.147, 0, -419.451, 419.451
0.4425, 0.148, 0, -415.075, 415.075
0.4425, 0.149, 0, -410.721, 410.721
0.4425, 0.15, 0, -406.389, 406.389
0.4425, 0.151, 0, -402.079, 402.079
0.4425, 0.152, 0, -397.792, 397.792
0.4425, 0.153, 0, -393.527, 393.527
0.4425, 0.154, 0, -389.284, 389.284
0.4425, 0.155, 0, -385.064, 385.064
0.4425, 0.156, 0, -380.866, 380.866
0.4475, 0.125, 0, -537.775, 537.775
0.4475, 0.126, 0, -532.766, 532.766
0.4475, 0.127, 0, -527.781, 527.781
0.4475, 0.128, 0, -522.818, 522.818
0.4475, 0.129, 0, -517.879, 517.879
0.4475, 0.13, 0, -512.962, 512.962
0.4475, 0.131, 0, -508.068, 508.068
0.4475, 0.132, 0, -503.197, 503.197
0.4475, 0.133, 0, -498.349, 498.349
0.4475, 0.134, 0, -493.524, 493.524
0.4475, 0.135, 0, -488.722, 488.722
0.4475, 0.136, 0, -483.942, 483.942
0.4475, 0.137, 0, -479.186, 479.186
0.4475, 0.138, 0, -474.452, 474.452
0.4475, 0.139, 0, -469.742, 469.742
0.4475, 0.14, 0, -465.054, 465.054
0.4475, 0.141, 0, -460.389, 460.389
0.4475, 0.142, 0, -455.747, 455.747
0.4475, 0.143, 0, -451.128, 451.128
0.4475, 0.144, 0, -446.532, 446.532
0.4475, 0.145, 0, -441.959, 441.959
0.4475, 0.146, 0, -437.409, 437.409
0.4475, 0.147, 0, -432.882, 432.882
0.4475, 0.148, 0, -428.377, 428.377
0.4475, 0.149, 0, -423.896, 423.896
0.4475, 0.15, 0, -419.437, 419.437
0.4475, 0.151, 0, -415.001, 415.001
0.4475, 0.152, 0, -410.588, 410.588
0.4475, 0.153, 0, -406.198, 406.198
0.4475, 0.154, 0, -401.831, 401.831
0.4475, 0.155, 0, -397.487, 397.487
0.4475, 0.156, 0, -393.166, 393.166
0.4525, 0.125, 0, -544.308, 544.308
0.4525, 0.126, 0, -539.247, 539.247
0.4525, 0.127, 0, -534.209, 534.209
0.4525, 0.128, 0, -529.195, 529.195
0.4525, 0.129, 0, -524.203, 524.203
0.4525, 0.13, 0, -519.235, 519.235
0.4525, 0.131, 0, -514.29, 514.29
0.4525, 0.132, 0, -509.368, 509.368
0.4525, 0.133, 0, -504.469, 504.469
0.4525, 0.134, 0, -499.593, 499.593
0.4525, 0.135, 0, -494.741, 494.741
0.4525, 0.136, 0, -489.911, 489.911
0.4525, 0.137, 0, -485.105, 485.105
0.4525, 0.138, 0, -480.321, 480.321
0.4525, 0.139, 0, -475.561, 475.561
0.4525, 0.14, 0, -470.824, 470.824
0.4525, 0.141, 0, -466.11, 466.11
0.4525, 0.142, 0, -461.42, 461.42
0.4525, 0.143, 0, -456.752, 456.752
0.4525, 0.144, 0, -452.108, 452.108
0.4525, 0.145, 0, -447.486, 447.486
0.4525, 0.146, 0, -442.888, 442.888
0.4525, 0.147, 0, -438.313, 438.313
0.4525, 0.148, 0, -433.761, 433.761
0.4525, 0.149, 0, -429.232, 429.232
0.4525, 0.15, 0, -424.726, 424.726
0.4525, 0.151, 0, -420.244, 420.244
0.4525, 0.152, 0, -415.784, 415.784
0.4525, 0.153, 0, -411.348, 411.348
0.4525, 0.154, 0, -406.935, 406.935
0.4525, 0.155, 0, -402.545, 402.545
0.4525, 0.156, 0, -398.178, 398.178
0.4575, 0.125, 0, -540.968, 540.968
0.4575, 0.126, 0, -535.944, 535.944
0.4575, 0.127, 0, -530.943, 530.943
0.4575, 0.128, 0, -525.965, 525.965
0.4575, 0.129, 0, -521.01, 521.01
0.4575, 0.13, 0, -516.078, 516.078
0.4575, 0.131, 0, -511.169, 511.169
0.4575, 0.132, 0, -506.283, 506.283
0.4575, 0.133, 0, -501.419, 501.419
0.4575, 0.134, 0, -496.579, 496.579
0.4575, 0.135, 0, -491.762, 491.762
0.4575, 0.136, 0, -486.967, 486.967
0.4575, 0.137, 0, -482.196, 482.196
0.4575, 0.138, 0, -477.448, 477.448
0.4575, 0.139, 0, -472.722, 472.722
0.4575, 0.14, 0, -468.02, 468.02
0.4575, 0.141, 0, -463.34, 463.34
0.4575, 0.142, 0, -458.684, 458.684
0.4575, 0.143, 0, -454.05, 454.05
0.4575, 0.144, 0, -449.439, 449.439
0.4575, 0.145, 0, -444.852, 444.852
0.4575, 0.146, 0, -440.287, 440.287
0.4575, 0.147, 0, -435.745, 435.745
0.4575, 0.148, 0, -431.226, 431.226
0.4575, 0.149, 0, -426.73, 426.73
0.4575, 0.15, 0, -422.257, 422.257
0.4575, 0.151, 0, -417.807, 417.807
0.4575, 0.152, 0, -413.38, 413.38
0.4575, 0.153, 0, -408.976, 408.976
0.4575, 0.154, 0, -404.595, 404.595
0.4575, 0.155, 0, -400.237, 400.237
0.4575, 0.156, 0, -395.902, 395.902
0.4625, 0.125, 0, -527.755, 527.755
0.4625, 0.126, 0, -522.857, 522.857
0.4625, 0.127, 0, -517.982, 517.982
0.4625, 0.128, 0, -513.129, 513.129
0.4625, 0.129, 0, -508.298, 508.298
0.4625, 0.13, 0, -503.49, 503.49
0.4625, 0.131, 0, -498.705, 498.705
0.4625, 0.132, 0, -493.941, 493.941
0.4625, 0.133, 0, -489.2, 489.2
0.4625, 0.134, 0, -484.482, 484.482
0.4625, 0.135, 0, -479.786, 479.786
0.4625, 0.136, 0, -475.112, 475.112
0.4625, 0.137, 0, -470.46, 470.46
0.4625, 0.138, 0, -465.831, 465.831
0.4625, 0.139, 0, -461.225, 461.225
0.4625, 0.14, 0, -456.641, 456.641
0.4625, 0.141, 0, -452.079, 452.079
0.4625, 0.142, 0, -447.539, 447.539
0.4625, 0.143, 0, -443.022, 443.022
0.4625, 0.144, 0, -438.527, 438.527
0.4625, 0.145, 0, -434.055, 434.055
0.4625, 0.146, 0, -429.605, 429.605
0.4625, 0.147, 0, -425.178, 425.178
0.4625, 0.148, 0, -420.773, 420.773
0.4625, 0.149, 0, -416.39, 416.39
0.4625, 0.15, 0, -412.029, 412.029
0.4625, 0.151, 0, -407.691, 407.691
0.4625, 0.152, 0, -403.376, 403.376
0.4625, 0.153, 0, -399.083, 399.083
0.4625, 0.154, 0, -394.812, 394.812
0.4625, 0.155, 0, -390.563, 390.563
0.4625, 0.156, 0, -386.337, 386.337
0.4675, 0.125, 0, -504.668, 504.668
0.4675, 0.126, 0, -499.986, 499.986
0.4675, 0.127, 0, -495.325, 495.325
0.4675, 0.128, 0, -490.686, 490.686
0.4675, 0.129, 0, -486.068, 486.068
0.4675, 0.13, 0, -481.472, 481.472
0.4675, 0.131, 0, -476.897, 476.897
0.4675, 0.132, 0, -472.344, 472.344
0.4675, 0.133, 0, -467.812, 467.812
0.4675, 0.134, 0, -463.301, 463.301
0.4675, 0.135, 0, -458.812, 458.812
0.4675, 0.136, 0, -454.344, 454.344
0.4675, 0.137, 0, -449.898, 449.898
0.4675, 0.138, 0, -445.473, 445.473
0.4675, 0.139, 0, -441.069, 441.069
0.4675, 0.14, 0, -436.687, 436.687
0.4675, 0.141, 0, -432.326, 432.326
0.4675, 0.142, 0, -427.987, 427.987
0.4675, 0.143, 0, -423.669, 423.669
0.4675, 0.144, 0, -419.372, 419.372
0.4675, 0.145, 0, -415.097, 415.097
0.4675, 0.146, 0, -410.843, 410.843
0.4675, 0.147, 0, -406.611, 406.611
0.4675, 0.148, 0, -402.4, 402.4
0.4675, 0.149, 0, -398.211, 398.211
0.4675, 0.15, 0, -394.043, 394.043
0.4675, 0.151, 0, -389.896, 389.896
0.4675, 0.152, 0, -385.771, 385.771
0.4675, 0.153, 0, -381.667, 381.667
0.4675, 0.154, 0, -377.585, 377.585
0.4675, 0.155, 0, -373.524, 373.524
0.4675, 0.156, 0, -369.485, 369.485
0.4725, 0.125, 0, -471.708, 471.708
0.4725, 0.126, 0, -467.331, 467.331
0.4725, 0.127, 0, -462.974, 462.974
0.4725, 0.128, 0, -458.637, 458.637
0.4725, 0.129, 0, -454.32, 454.32
0.4725, 0.13, 0, -450.024, 450.024
0.4725, 0.131, 0, -445.747, 445.747
0.4725, 0.132, 0, -441.49, 441.49
0.4725, 0.133, 0, -437.254, 437.254
0.4725, 0.134, 0, -433.037, 433.037
0.4725, 0.135, 0, -428.84, 428.84
0.4725, 0.136, 0, -424.664, 424.664
0.4725, 0.137, 0, -420.507, 420.507
0.4725, 0.138, 0, -416.371, 416.371
0.4725, 0.139, 0, -412.255, 412.255
0.4725, 0.14, 0, -408.158, 408.158
0.4725, 0.141, 0, -404.082, 404.082
0.4725, 0.142, 0, -400.026, 400.026
0.4725, 0.143, 0, -395.99, 395.99
0.4725, 0.144, 0, -391.974, 391.974
0.4725, 0.145, 0, -387.978, 387.978
0.4725, 0.146, 0, -384.001, 384.001
0.4725, 0.147, 0, -380.045, 380.045
0.4725, 0.148, 0, -376.11, 376.11
0.4725, 0.149, 0, -372.194, 372.194
0.4725, 0.15, 0, -368.298, 368.298
0.4725, 0.151, 0, -364.422, 364.422
0.4725, 0.152, 0, -360.566, 360.566
0.4725, 0.153, 0, -356.73, 356.73
0.4725, 0.154, 0, -352.915, 352.915
0.4725, 0.155, 0, -349.119, 349.119
0.4725, 0.156, 0, -345.343, 345.343
0.4775, 0.125, 0, -428.874, 428.874
0.4775, 0.126, 0, -424.892, 424.892
0.4775, 0.127, 0, -420.928, 420.928
0.4775, 0.128, 0, -416.982, 416.982
0.4775, 0.129, 0, -413.054, 413.054
0.4775, 0.13, 0, -409.145, 409.145
0.4775, 0.131, 0, -405.253, 405.253
0.4775, 0.132, 0, -401.381, 401.381
0.4775, 0.133, 0, -397.526, 397.526
0.4775, 0.134, 0, -393.69, 393.69
0.4775, 0.135, 0, -389.872, 389.872
0.4775, 0.136, 0, -386.072, 386.072
0.4775, 0.137, 0, -382.29, 382.29
0.4775, 0.138, 0, -378.527, 378.527
0.4775, 0.139, 0, -374.782, 374.782
0.4775, 0.14, 0, -371.055, 371.055
0.4775, 0.141, 0, -367.347, 367.347
0.4775, 0.142, 0, -363.657, 363.657
0.4775, 0.143, 0, -359.985, 359.985
0.4775, 0.144, 0, -356.331, 356.331
0.4775, 0.145, 0, -352.696, 352.696
0.4775, 0.146, 0, -349.079, 349.079
0.4775, 0.147, 0, -345.48, 345.48
0.4775, 0.148, 0, -341.9, 341.9
0.4775, 0.149, 0, -338.338, 338.338
0.4775, 0.15, 0, -334.794, 334.794
0.4775, 0.151, 0, -331.268, 331.268
0.4775, 0.152, 0, -327.761, 327.761
0.4775, 0.153, 0, -324.272, 324.272
0.4775, 0.154, 0, -320.801, 320.801
0.4775, 0.155, 0, -317.348, 317.348
0.4775, 0.156, 0, -313.914, 313.914
0.4825, 0.125, 0, -376.168, 376.168
0.4825, 0.126, 0, -372.669, 372.669
0.4825, 0.127, 0, -369.186, 369.186
0.4825, 0.128, 0, -365.72, 365.72
0.4825, 0.129, 0, -362.269, 362.269
0.4825, 0.13, 0, -358.835, 358.835
0.4825, 0.131, 0, -355.417, 355.417
0.4825, 0.132, 0, -352.015, 352.015
0.4825, 0.133, 0, -348.629, 348.629
0.4825, 0.134, 0, -345.259, 345.259
0.4825, 0.135, 0, -341.905, 341.905
0.4825, 0.136, 0, -338.567, 338.567
0.4825, 0.137, 0, -335.246, 335.246
0.4825, 0.138, 0, -331.94, 331.94
0.4825, 0.139, 0, -328.651, 328.651
0.4825, 0.14, 0, -325.378, 325.378
0.4825, 0.141, 0, -322.121, 322.121
0.4825, 0.142, 0, -318.88, 318.88
0.4825, 0.143, 0, -315.655, 315.655
0.4825, 0.144, 0, -312.446, 312.446
0.4825, 0.145, 0, -309.253, 309.253
0.4825, 0.146, 0, -306.077, 306.077
0.4825, 0.147, 0, -302.916, 302.916
0.4825, 0.148, 0, -299.772, 299.772
0.4825, 0.149, 0, -296.643, 296.643
0.4825, 0.15, 0, -293.531, 293.531
0.4825, 0.151, 0, -290.435, 290.435
0.4825, 0.152, 0, -287.355, 287.355
0.4825, 0.153, 0, -284.291, 284.291
0.4825, 0.154, 0, -281.244, 281.244
0.4825, 0.155, 0, -278.212, 278.212
0.4825, 0.156, 0, -275.196, 275.196
0.4875, 0.125, 0, -313.587, 313.587
0.4875, 0.126, 0, -310.662, 310.662
0.4875, 0.127, 0, -307.75, 307.75
0.4875, 0.128, 0, -304.851, 304.851
0.4875, 0.129, 0, -301.967, 301.967
0.4875, 0.13, 0, -299.095, 299.095
0.4875, 0.131, 0, -296.237, 296.237
0.4875, 0.132, 0, -293.393, 293.393
0.4875, 0.133, 0, -290.562, 290.562
0.4875, 0.134, 0, -287.745, 287.745
0.4875, 0.135, 0, -284.941, 284.941
0.4875, 0.136, 0, -282.151, 282.151
0.4875, 0.137, 0, -279.374, 279.374
0.4875, 0.138, 0, -276.611, 276.611
0.4875, 0.139, 0, -273.862, 273.862
0.4875, 0.14, 0, -271.126, 271.126
0.4875, 0.141, 0, -268.403, 268.403
0.4875, 0.142, 0, -265.694, 265.694
0.4875, 0.143, 0, -262.999, 262.999
0.4875, 0.144, 0, -260.317, 260.317
0.4875, 0.145, 0, -257.649, 257.649
0.4875, 0.146, 0, -254.994, 254.994
0.4875, 0.147, 0, -252.353, 252.353
0.4875, 0.148, 0, -249.725, 249.725
0.4875, 0.149, 0, -247.111, 247.111
0.4875, 0.15, 0, -244.51, 244.51
0.4875, 0.151, 0, -241.923, 241.923
0.4875, 0.152, 0, -239.349, 239.349
0.4875, 0.153, 0, -236.789, 236.789
0.4875, 0.154, 0, -234.243, 234.243
0.4875, 0.155, 0, -231.71, 231.71
0.4875, 0.156, 0, -229.19, 229.19
0.4925, 0.125, 0, -241.134, 241.134
0.4925, 0.126, 0, -238.871, 238.871
0.4925, 0.127, 0, -236.619, 236.619
0.4925, 0.128, 0, -234.377, 234.377
0.4925, 0.129, 0, -232.145, 232.145
0.4925, 0.13, 0, -229.925, 229.925
0.4925, 0.131, 0, -227.715, 227.715
0.4925, 0.132, 0, -225.515, 225.515
0.4925, 0.133, 0, -223.326, 223.326
0.4925, 0.134, 0, -221.148, 221.148
0.4925, 0.135, 0, -218.98, 218.98
0.4925, 0.136, 0, -216.822, 216.822
0.4925, 0.137, 0, -214.676, 214.676
0.4925, 0.138, 0, -212.539, 212.539
0.4925, 0.139, 0, -210.414, 210.414
0.4925, 0.14, 0, -208.299, 208.299
0.4925, 0.141, 0, -206.194, 206.194
0.4925, 0.142, 0, -204.101, 204.101
0.4925, 0.143, 0, -202.017, 202.017
0.4925, 0.144, 0, -199.944, 199.944
0.4925, 0.145, 0, -197.882, 197.882
0.4925, 0.146, 0, -195.831, 195.831
0.4925, 0.147, 0, -193.79, 193.79
0.4925, 0.148, 0, -191.759, 191.759
0.4925, 0.149, 0, -189.739, 189.739
0.4925, 0.15, 0, -187.73, 187.73
0.4925, 0.151, 0, -185.731, 185.731
0.4925, 0.152, 0, -183.743, 183.743
0.4925, 0.153, 0, -181.765, 181.765
0.4925, 0.154, 0, -179.798, 179.798
0.4925, 0.155, 0, -177.842, 177.842
0.4925, 0.156, 0, -175.896, 175.896
0.4975, 0.125, 0, -158.807, 158.807
0.4975, 0.126, 0, -157.296, 157.296
0.4975, 0.127, 0, -155.792, 155.792
0.4975, 0.128, 0, -154.295, 154.295
0.4975, 0.129, 0, -152.806, 152.806
0.4975, 0.13, 0, -151.324, 151.324
0.4975, 0.131, 0, -149.849, 149.849
0.4975, 0.132, 0, -148.381, 148.381
0.4975, 0.133, 0, -146.92, 146.92
0.4975, 0.134, 0, -145.467, 145.467
0.4975, 0.135, 0, -144.021, 144.021
0.4975, 0.136, 0, -142.582, 142.582
0.4975, 0.137, 0, -141.15, 141.15
0.4975, 0.138, 0, -139.725, 139.725
0.4975, 0.139, 0, -138.308, 138.308
0.4975, 0.14, 0, -136.897, 136.897
0.4975, 0.141, 0, -135.494, 135.494
0.4975, 0.142, 0, -134.099, 134.099
0.4975, 0.143, 0, -132.71, 132.71
0.4975, 0.144, 0, -131.329, 131.329
0.4975, 0.145, 0, -129.954, 129.954
0.4975, 0.146, 0, -128.587, 128.587
0.4975, 0.147, 0, -127.228, 127.228
0.4975, 0.148, 0, -125.875, 125.875
0.4975, 0.149, 0, -124.53, 124.53
0.4975, 0.15, 0, -123.191, 123.191
0.4975, 0.151, 0, -121.86, 121.86
0.4975, 0.152, 0, -120.537, 120.537
0.4975, 0.153, 0, -119.22, 119.22
0.4975, 0.154, 0, -117.911, 117.911
0.4975, 0.155, 0, -116.608, 116.608
0.4975, 0.156, 0, -115.313, 115.313