0.4375, 0.125, 0, -1881.17, 1881.17
0.4375, 0.126, 0, -1844.12, 1844.12
0.4375, 0.127, 0, -1807.3, 1807.3
0.4375, 0.128, 0, -1770.71, 1770.71
0.4375, 0.129, 0, -1734.34, 1734.34
0.4375, 0.13, 0, -1698.2, 1698.2
0.4375, 0.131, 0, -1662.28, 1662.28
0.4375, 0.132, 0, -1626.59, 1626.59
0.4375, 0.133, 0, -1591.12, 1591.12
0.4375, 0.134, 0, -1555.89, 1555.89
0.4375, 0.135, 0, -1520.87, 1520.87
0.4375, 0.136, 0, -1486.09, 1486.09
0.4375, 0.137, 0, -1451.53, 1451.53
0.4375, 0.138, 0, -1417.19, 1417.19
0.4375, 0.139, 0, -1383.08, 1383.08
0.4375, 0.14, 0, -1349.2, 1349.2
0.4375, 0.141, 0, -1315.54, 1315.54
0.4375, 0.142, 0, -1282.11, 1282.11
0.4375, 0.143, 0, -1248.91, 1248.91
0.4375, 0.144, 0, -1215.93, 1215.93
0.4375, 0.145, 0, -1183.17, 1183.17
0.4375, 0.146, 0, -1150.65, 1150.65
0.4375, 0.147, 0, -1118.35, 1118.35
0.4375, 0.148, 0, -1086.27, 1086.27
0.4375, 0.149, 0, -1054.42, 1054.42
0.4375, 0.15, 0, -1022.8, 1022.8
0.4375, 0.151, 0, -991.4, 991.4
0.4375, 0.152, 0, -960.229, 960.229
0.4375, 0.153, 0, -929.283, 929.283
0.4375, 0.154, 0, -898.563, 898.563
0.4375, 0.155, 0, -868.069, 868.069
0.4375, 0.156, 0, -837.801, 837.801
0.4425, 0.125, 0, -3896.33, 3896.33
0.4425, 0.126, 0, -3866.29, 3866.29
0.4425, 0.127, 0, -3836.43, 3836.43
0.4425, 0.128, 0, -3806.74, 3806.74
0.4425, 0.129, 0, -3777.23, 3777.23
0.4425, 0.13, 0, -3747.9, 3747.9
0.4425, 0.131, 0, -3718.74, 3718.74
0.4425, 0.132, 0, -3689.75, 3689.75
0.4425, 0.133, 0, -3660.95, 3660.95
0.4425, 0.134, 0, -3632.32, 3632.32
0.4425, 0.135, 0, -3603.87, 3603.87
0.4425, 0.136, 0, -3575.59, 3575.59
0.4425, 0.137, 0, -3547.49, 3547.49
0.4425, 0.138, 0, -3519.57, 3519.57
0.4425, 0.139, 0, -3491.82, 3491.82
0.4425, 0.14, 0, -3464.25, 3464.25
0.4425, 0.141, 0, -3436.85, 3436.85
0.4425, 0.142, 0, -3409.63, 3409.63
0.4425, 0.143, 0, -3382.59, 3382.59
0.4425, 0.144, 0, -3355.72, 3355.72
0.4425, 0.145, 0, -3329.04, 3329.04
0.4425, 0.146, 0, -3302.52, 3302.52
0.4425, 0.147, 0, -3276.18, 3276.18
0.4425, 0.148, 0, -3250.02, 3250.02
0.4425, 0.149, 0, -3224.04, 3224.04
0.4425, 0.15, 0, -3198.23, 3198.23
0.4425, 0.151, 0, -3172.6, 3172.6
0.4425, 0.152, 0, -3147.14, 3147.14
0.4425, 0.153, 0, -3121.87, 3121.87
0.4425, 0.154, 0, -3096.76, 3096.76
0.4425, 0.155, 0, -3071.84, 3071.84
0.4425, 0.156, 0, -3047.09, 3047.09
0.4475, 0.125, 0, -5699.66, 5699.66
0.4475, 0.126, 0, -5675.05, 5675.05
0.4475, 0.127, 0, -5650.57, 5650.57
0.4475, 0.128, 0, -5626.22, 5626.22
0.4475, 0.129, 0, -5602.01, 5602.01
0.4475, 0.13, 0, -5577.94, 5577.94
0.4475, 0.131, 0, -5554, 5554
0.4475, 0.132, 0, -5530.21, 5530.21
0.4475, 0.133, 0, -5506.54, 5506.54
0.4475, 0.134, 0, -5483.02, 5483.02
0.4475, 0.135, 0, -5459.63, 5459.63
0.4475, 0.136, 0, -5436.37, 5436.37
0.4475, 0.137, 0, -5413.25, 5413.25
0.4475, 0.138, 0, -5390.27, 5390.27
0.4475, 0.139, 0, -5367.43, 5367.43
0.4475, 0.14, 0, -5344.72, 5344.72
0.4475, 0.141, 0, -5322.14, 5322.14
0.4475, 0.142, 0, -5299.71, 5299.71
0.4475, 0.143, 0, -5277.41, 5277.41
0.4475, 0.144, 0, -5255.24, 5255.24
0.4475, 0.145, 0, -5233.22, 5233.22
0.4475, 0.146, 0, -5211.32, 5211.32
0.4475, 0.147, 0, -5189.57, 5189.57
0.4475, 0.148, 0, -5167.95, 5167.95
0.4475, 0.149, 0, -5146.47, 5146.47
0.4475, 0.15, 0, -5125.12, 5125.12
0.4475, 0.151, 0, -5103.91, 5103.91
0.4475, 0.152, 0, -5082.84, 5082.84
0.4475, 0.153, 0, -5061.9, 5061.9
0.4475, 0.154, 0, -5041.1, 5041.1
0.4475, 0.155, 0, -5020.43, 5020.43
0.4475, 0.156, 0, -4999.91, 4999.91
0.4525, 0.125, 0, -7291.16, 7291.16
0.4525, 0.126, 0, -7270.38, 7270.38
0.4525, 0.127, 0, -7249.71, 7249.71
0.4525, 0.128, 0, -7229.15, 7229.15
0.4525, 0.129, 0, -7208.69, 7208.69
0.4525, 0.13, 0, -7188.33, 7188.33
0.4525, 0.131, 0, -7168.08, 7168.08
0.4525, 0.132, 0, -7147.94, 7147.94
0.4525, 0.133, 0, -7127.9, 7127.9
0.4525, 0.134, 0, -7107.97, 7107.97
0.4525, 0.135, 0, -7088.15, 7088.15
0.4525, 0.136, 0, -7068.43, 7068.43
0.4525, 0.137, 0, -7048.82, 7048.82
0.4525, 0.138, 0, -7029.31, 7029.31
0.4525, 0.139, 0, -7009.91, 7009.91
0.4525, 0.14, 0, -6990.61, 6990.61
0.4525, 0.141, 0, -6971.42, 6971.42
0.4525, 0.142, 0, -6952.33, 6952.33
0.4525, 0.143, 0, -6933.36, 6933.36
0.4525, 0.144, 0, -6914.48, 6914.48
0.4525, 0.145, 0, -6895.72, 6895.72
0.4525, 0.146, 0, -6877.05, 6877.05
0.4525, 0.147, 0, -6858.5, 6858.5
0.4525, 0.148, 0, -6840.05, 6840.05
0.4525, 0.149, 0, -6821.7, 6821.7
0.4525, 0.15, 0, -6803.47, 6803.47
0.4525, 0.151, 0, -6785.33, 6785.33
0.4525, 0.152, 0, -6767.31, 6767.31
0.4525, 0.153, 0, -6749.39, 6749.39
0.4525, 0.154, 0, -6731.57, 6731.57
0.4525, 0.155, 0, -6713.86, 6713.86
0.4525, 0.156, 0, -6696.26, 6696.26
0.4575, 0.125, 0, -8670.83, 8670.83
0.4575, 0.126, 0, -8652.31, 8652.31
0.4575, 0.127, 0, -8633.87, 8633.87
0.4575, 0.128, 0, -8615.52, 8615.52
0.4575, 0.129, 0, -8597.25, 8597.25
0.4575, 0.13, 0, -8579.07, 8579.07
0.4575, 0.131, 0, -8560.97, 8560.97
0.4575, 0.132, 0, -8542.96, 8542.96
0.4575, 0.133, 0, -8525.04, 8525.04
0.4575, 0.134, 0, -8507.19, 8507.19
0.4575, 0.135, 0, -8489.44, 8489.44
0.4575, 0.136, 0, -8471.77, 8471.77
0.4575, 0.137, 0, -8454.18, 8454.18
0.4575, 0.138, 0, -8436.68, 8436.68
0.4575, 0.139, 0, -8419.26, 8419.26
0.4575, 0.14, 0, -8401.93, 8401.93
0.4575, 0.141, 0, -8384.68, 8384.68
0.4575, 0.142, 0, -8367.51, 8367.51
0.4575, 0.143, 0, -8350.44, 8350.44
0.4575, 0.144, 0, -8333.44, 8333.44
0.4575, 0.145, 0, -8316.54, 8316.54
0.4575, 0.146, 0, -8299.71, 8299.71
0.4575, 0.147, 0, -8282.97, 8282.97
0.4575, 0.148, 0, -8266.32, 8266.32
0.4575, 0.149, 0, -8249.75, 8249.75
0.4575, 0.15, 0, -8233.27, 8233.27
0.4575, 0.151, 0, -8216.87, 8216.87
0.4575, 0.152, 0, -8200.55, 8200.55
0.4575, 0.153, 0, -8184.33, 8184.33
0.4575, 0.154, 0, -8168.18, 8168.18
0.4575, 0.155, 0, -8152.12, 8152.12
0.4575, 0.156, 0, -8136.15, 8136.15
0.4625, 0.125, 0, -9838.66, 9838.66
0.4625, 0.126, 0, -9820.81, 9820.81
0.4625, 0.127, 0, -9803.04, 9803.04
0.4625, 0.128, 0, -9785.34, 9785.34
0.4625, 0.129, 0, -9767.71, 9767.71
0.4625, 0.13, 0, -9750.16, 9750.16
0.4625, 0.131, 0, -9732.68, 9732.68
0.4625, 0.132, 0, -9715.27, 9715.27
0.4625, 0.133, 0, -9697.94, 9697.94
0.4625, 0.134, 0, -9680.68, 9680.68
0.4625, 0.135, 0, -9663.49, 9663.49
0.4625, 0.136, 0, -9646.38, 9646.38
0.4625, 0.137, 0, -9629.34, 9629.34
0.4625, 0.138, 0, -9612.37, 9612.37
0.4625, 0.139, 0, -9595.48, 9595.48
0.4625, 0.14, 0, -9578.66, 9578.66
0.4625, 0.141, 0, -9561.92, 9561.92
0.4625, 0.142, 0, -9545.25, 9545.25
0.4625, 0.143, 0, -9528.65, 9528.65
0.4625, 0.144, 0, -9512.13, 9512.13
0.4625, 0.145, 0, -9495.67, 9495.67
0.4625, 0.146, 0, -9479.3, 9479.3
0.4625, 0.147, 0, -9462.99, 9462.99
0.4625, 0.148, 0, -9446.76, 9446.76
0.4625, 0.149, 0, -9430.61, 9430.61
0.4625, 0.15, 0, -9414.52, 9414.52
0.4625, 0.151, 0, -9398.51, 9398.51
0.4625, 0.152, 0, -9382.58, 9382.58
0.4625, 0.153, 0, -9366.72, 9366.72
0.4625, 0.154, 0, -9350.93, 9350.93
0.4625, 0.155, 0, -9335.21, 9335.21
0.4625, 0.156, 0, -9319.57, 9319.57
0.4675, 0.125, 0, -10794.7, 10794.7
0.4675, 0.126, 0, -10775.9, 10775.9
0.4675, 0.127, 0, -10757.2, 10757.2
0.4675, 0.128, 0, -10738.6, 10738.6
0.4675, 0.129, 0, -10720.1, 10720.1
0.4675, 0.13, 0, -10701.6, 10701.6
0.4675, 0.131, 0, -10683.2, 10683.2
0.4675, 0.132, 0, -10664.9, 10664.9
0.4675, 0.133, 0, -10646.6, 10646.6
0.4675, 0.134, 0, -10628.4, 10628.4
0.4675, 0.135, 0, -10610.3, 10610.3
0.4675, 0.136, 0, -10592.3, 10592.3
0.4675, 0.137, 0, -10574.3, 10574.3
0.4675, 0.138, 0, -10556.4, 10556.4
0.4675, 0.139, 0, -10538.6, 10538.6
0.4675, 0.14, 0, -10520.8, 10520.8
0.4675, 0.141, 0, -10503.1, 10503.1
0.4675, 0.142, 0, -10485.5, 10485.5
0.4675, 0.143, 0, -10468, 10468
0.4675, 0.144, 0, -10450.5, 10450.5
0.4675, 0.145, 0, -10433.1, 10433.1
0.4675, 0.146, 0, -10415.8, 10415.8
0.4675, 0.147, 0, -10398.6, 10398.6
0.4675, 0.148, 0, -10381.4, 10381.4
0.4675, 0.149, 0, -10364.3, 10364.3
0.4675, 0.15, 0, -10347.2, 10347.2
0.4675, 0.151, 0, -10330.3, 10330.3
0.4675, 0.152, 0, -10313.4, 10313.4
0.4675, 0.153, 0, -10296.6, 10296.6
0.4675, 0.154, 0, -10279.8, 10279.8
0.4675, 0.155, 0, -10263.1, 10263.1
0.4675, 0.156, 0, -10246.5, 10246.5
0.4725, 0.125, 0, -11538.8, 11538.8
0.4725, 0.126, 0, -11517.6, 11517.6
0.4725, 0.127, 0, -11496.4, 11496.4
0.4725, 0.128, 0, -11475.3, 11475.3
0.4725, 0.129, 0, -11454.3, 11454.3
0.4725, 0.13, 0, -11433.4, 11433.4
0.4725, 0.131, 0, -11412.5, 11412.5
0.4725, 0.132, 0, -11391.7, 11391.7
0.4725, 0.133, 0, -11371, 11371
0.4725, 0.134, 0, -11350.4, 11350.4
0.4725, 0.135, 0, -11329.9, 11329.9
0.4725, 0.136, 0, -11309.4, 11309.4
0.4725, 0.137, 0, -11289.1, 11289.1
0.4725, 0.138, 0, -11268.8, 11268.8
0.4725, 0.139, 0, -11248.5, 11248.5
0.4725, 0.14, 0, -11228.4, 11228.4
0.4725, 0.141, 0, -11208.4, 11208.4
0.4725, 0.142, 0, -11188.4, 11188.4
0.4725, 0.143, 0, -11168.5, 11168.5
0.4725, 0.144, 0, -11148.7, 11148.7
0.4725, 0.145, 0, -11128.9, 11128.9
0.4725, 0.146, 0, -11109.3, 11109.3
0.4725, 0.147, 0, -11089.7, 11089.7
0.4725, 0.148, 0, -11070.2, 11070.2
0.4725, 0.149, 0, -11050.7, 11050.7
0.4725, 0.15, 0, -11031.4, 11031.4
0.4725, 0.151, 0, -11012.1, 11012.1
0.4725, 0.152, 0, -10993, 10993
0.4725, 0.153, 0, -10973.9, 10973.9
0.4725, 0.154, 0, -10954.8, 10954.8
0.4725, 0.155, 0, -10935.9, 10935.9
0.4725, 0.156, 0, -10917, 10917
0.4775, 0.125, 0, -12071.2, 12071.2
0.4775, 0.126, 0, -12045.8, 12045.8
0.4775, 0.127, 0, -12020.6, 12020.6
0.4775, 0.128, 0, -11995.5, 11995.5
0.4775, 0.129, 0, -11970.4, 11970.4
0.4775, 0.13, 0, -11945.5, 11945.5
0.4775, 0.131, 0, -11920.6, 11920.6
0.4775, 0.132, 0, -11895.9, 11895.9
0.4775, 0.133, 0, -11871.3, 11871.3
0.4775, 0.134, 0, -11846.7, 11846.7
0.4775, 0.135, 0, -11822.2, 11822.2
0.4775, 0.136, 0, -11797.9, 11797.9
0.4775, 0.137, 0, -11773.6, 11773.6
0.4775, 0.138, 0, -11749.5, 11749.5
0.4775, 0.139, 0, -11725.4, 11725.4
0.4775, 0.14, 0, -11701.4, 11701.4
0.4775, 0.141, 0, -11677.5, 11677.5
0.4775, 0.142, 0, -11653.8, 11653.8
0.4775, 0.143, 0, -11630.1, 11630.1
0.4775, 0.144, 0, -11606.5, 11606.5
0.4775, 0.145, 0, -11583, 11583
0.4775, 0.146, 0, -11559.6, 11559.6
0.4775, 0.147, 0, -11536.3, 11536.3
0.4775, 0.148, 0, -11513.1, 11513.1
0.4775, 0.149, 0, -11490, 11490
0.4775, 0.15, 0, -11467, 11467
0.4775, 0.151, 0, -11444.1, 11444.1
0.4775, 0.152, 0, -11421.3, 11421.3
0.4775, 0.153, 0, -11398.6, 11398.6
0.4775, 0.154, 0, -11376, 11376
0.4775, 0.155, 0, -11353.5, 11353.5
0.4775, 0.156, 0, -11331, 11331
0.4825, 0.125, 0, -12391.7, 12391.7
0.4825, 0.126, 0, -12360.7, 12360.7
0.4825, 0.127, 0, -12329.8, 12329.8
0.4825, 0.128, 0, -12299.1, 12299.1
0.4825, 0.129, 0, -12268.5, 12268.5
0.4825, 0.13, 0, -12238, 12238
0.4825, 0.131, 0, -12207.6, 12207.6
0.4825, 0.132, 0, -12177.3, 12177.3
0.4825, 0.133, 0, -12147.2, 12147.2
0.4825, 0.134, 0, -12117.2, 12117.2
0.4825, 0.135, 0, -12087.4, 12087.4
0.4825, 0.136, 0, -12057.6, 12057.6
0.4825, 0.137, 0, -12028, 12028
0.4825, 0.138, 0, -11998.5, 11998.5
0.4825, 0.139, 0, -11969.1, 11969.1
0.4825, 0.14, 0, -11939.8, 11939.8
0.4825, 0.141, 0, -11910.7, 11910.7
0.4825, 0.142, 0, -11881.7, 11881.7
0.4825, 0.143, 0, -11852.8, 11852.8
0.4825, 0.144, 0, -11824.1, 11824.1
0.4825, 0.145, 0, -11795.4, 11795.4
0.4825, 0.146, 0, -11766.9, 11766.9
0.4825, 0.147, 0, -11738.5, 11738.5
0.4825, 0.148, 0, -11710.3, 11710.3
0.4825, 0.149, 0, -11682.1, 11682.1
0.4825, 0.15, 0, -11654.1, 11654.1
0.4825, 0.151, 0, -11626.2, 11626.2
0.4825, 0.152, 0, -11598.4, 11598.4
0.4825, 0.153, 0, -11570.8, 11570.8
0.4825, 0.154, 0, -11543.3, 11543.3
0.4825, 0.155, 0, -11515.9, 11515.9
0.4825, 0.156, 0, -11488.6, 11488.6
0.4875, 0.125, 0, -12500.3, 12500.3
0.4875, 0.126, 0, -12462.1, 12462.1
0.4875, 0.127, 0, -12424, 12424
0.4875, 0.128, 0, -12386.1, 12386.1
0.4875, 0.129, 0, -12348.4, 12348.4
0.4875, 0.13, 0, -12310.8, 12310.8
0.4875, 0.131, 0, -12273.4, 12273.4
0.4875, 0.132, 0, -12236.1, 12236.1
0.4875, 0.133, 0, -12199, 12199
0.4875, 0.134, 0, -12162, 12162
0.4875, 0.135, 0, -12125.2, 12125.2
0.4875, 0.136, 0, -12088.6, 12088.6
0.4875, 0.137, 0, -12052.1, 12052.1
0.4875, 0.138, 0, -12015.8, 12015.8
0.4875, 0.139, 0, -11979.7, 11979.7
0.4875, 0.14, 0, -11943.7, 11943.7
0.4875, 0.141, 0, -11907.9, 11907.9
0.4875, 0.142, 0, -11872.2, 11872.2
0.4875, 0.143, 0, -11836.7, 11836.7
0.4875, 0.144, 0, -11801.4, 11801.4
0.4875, 0.145, 0, -11766.2, 11766.2
0.4875, 0.146, 0, -11731.1, 11731.1
0.4875, 0.147, 0, -11696.3, 11696.3
0.4875, 0.148, 0, -11661.6, 11661.6
0.4875, 0.149, 0, -11627, 11627
0.4875, 0.15, 0, -11592.6, 11592.6
0.4875, 0.151, 0, -11558.4, 11558.4
0.4875, 0.152, 0, -11524.4, 11524.4
0.4875, 0.153, 0, -11490.5, 11490.5
0.4875, 0.154, 0, -11456.7, 11456.7
0.4875, 0.155, 0, -11423.1, 11423.1
0.4875, 0.156, 0, -11389.7, 11389.7
0.4925, 0.125, 0, -12397.2, 12397.2
0.4925, 0.126, 0, -12350.1, 12350.1
0.4925, 0.127, 0, -12303.3, 12303.3
0.4925, 0.128, 0, -12256.6, 12256.6
0.4925, 0.129, 0, -12210.2, 12210.2
0.4925, 0.13, 0, -12163.9, 12163.9
0.4925, 0.131, 0, -12117.9, 12117.9
0.4925, 0.132, 0, -12072.1, 12072.1
0.4925, 0.133, 0, -12026.5, 12026.5
0.4925, 0.134, 0, -11981.1, 11981.1
0.4925, 0.135, 0, -11935.9, 11935.9
0.4925, 0.136, 0, -11890.9, 11890.9
0.4925, 0.137, 0, -11846.1, 11846.1
0.4925, 0.138, 0, -11801.5, 11801.5
0.4925, 0.139, 0, -11757.1, 11757.1
0.4925, 0.14, 0, -11713, 11713
0.4925, 0.141, 0, -11669, 11669
0.4925, 0.142, 0, -11625.3, 11625.3
0.4925, 0.143, 0, -11581.7, 11581.7
0.4925, 0.144, 0, -11538.4, 11538.4
0.4925, 0.145, 0, -11495.2, 11495.2
0.4925, 0.146, 0, -11452.3, 11452.3
0.4925, 0.147, 0, -11409.6, 11409.6
0.4925, 0.148, 0, -11367.1, 11367.1
0.4925, 0.149, 0, -11324.7, 11324.7
0.4925, 0.15, 0, -11282.6, 11282.6
0.4925, 0.151, 0, -11240.7, 11240.7
0.4925, 0.152, 0, -11199, 11199
0.4925, 0.153, 0, -11157.6, 11157.6
0.4925, 0.154, 0, -11116.3, 11116.3
0.4925, 0.155, 0, -11075.2, 11075.2
0.4925, 0.156, 0, -11034.3, 11034.3
0.4975, 0.125, 0, -12082.2, 12082.2
0.4975, 0.126, 0, -12024.7, 12024.7
0.4975, 0.127, 0, -11967.5, 11967.5
0.4975, 0.128, 0, -11910.6, 11910.6
0.4975, 0.129, 0, -11853.9, 11853.9
0.4975, 0.13, 0, -11797.5, 11797.5
0.4975, 0.131, 0, -11741.3, 11741.3
0.4975, 0.132, 0, -11685.4, 11685.4
0.4975, 0.133, 0, -11629.8, 11629.8
0.4975, 0.134, 0, -11574.4, 11574.4
0.4975, 0.135, 0, -11519.3, 11519.3
0.4975, 0.136, 0, -11464.4, 11464.4
0.4975, 0.137, 0, -11409.9, 11409.9
0.4975, 0.138, 0, -11355.5, 11355.5
0.4975, 0.139, 0, -11301.5, 11301.5
0.4975, 0.14, 0, -11247.7, 11247.7
0.4975, 0.141, 0, -11194.1, 11194.1
0.4975, 0.142, 0, -11140.9, 11140.9
0.4975, 0.143, 0, -11087.8, 11087.8
0.4975, 0.144, 0, -11035.1, 11035.1
0.4975, 0.145, 0, -10982.6, 10982.6
0.4975, 0.146, 0, -10930.4, 10930.4
0.4975, 0.147, 0, -10878.4, 10878.4
0.4975, 0.148, 0, -10826.7, 10826.7
0.4975, 0.149, 0, -10775.3, 10775.3
0.4975, 0.15, 0, -10724.1, 10724.1
0.4975, 0.151, 0, -10673.2, 10673.2
0.4975, 0.152, 0, -10622.5, 10622.5
0.4975, 0.153, 0, -10572.1, 10572.1
0.4975, 0.154, 0, -10522, 10522
0.4975, 0.155, 0, -10472.1, 10472.1
0.4975, 0.156, 0, -10422.5, 10422.5