0.4375, 0.125, 1.49671, 1.10708, 0.389633
0.4375, 0.126, 1.48843, 1.00307, 0.485365
0.4375, 0.127, 1.47612, 0.90359, 0.57253
0.4375, 0.128, 1.45939, 0.808647, 0.650744
0.4375, 0.129, 1.45826, 0.718238, 0.740024
0.4375, 0.13, 1.44132, 0.632364, 0.808956
0.4375, 0.131, 1.4338, 0.551025, 0.882772
0.4375, 0.132, 1.42621, 0.47422, 0.951992
0.4375, 0.133, 1.41857, 0.40195, 1.01662
0.4375, 0.134, 0, 0.334214, -0.334214
0.4375, 0.135, 0, 0.271013, -0.271013
0.4375, 0.136, 0, 0.212347, -0.212347
0.4375, 0.137, 0, 0.158215, -0.158215
0.4375, 0.138, 0, 0.108618, -0.108618
0.4375, 0.139, 0, 0.0635552, -0.0635552
0.4375, 0.14, 0, 0.0230273, -0.0230273
0.4375, 0.141, 0, -0.0129661, 0.0129661
0.4375, 0.142, 0, -0.0444249, 0.0444249
0.4375, 0.143, 0, -0.0713491, 0.0713491
0.4375, 0.144, 0, -0.0937387, 0.0937387
0.4375, 0.145, 0, -0.111594, 0.111594
0.4375, 0.146, 0, -0.124914, 0.124914
0.4375, 0.147, 0, -0.1337, 0.1337
0.4375, 0.148, 0, -0.137951, 0.137951
0.4375, 0.149, 0, -0.137668, 0.137668
0.4375, 0.15, 0, -0.13285, 0.13285
0.4375, 0.151, 0, -0.123497, 0.123497
0.4375, 0.152, 0, -0.10961, 0.10961
0.4375, 0.153, 0, -0.091188, 0.091188
0.4375, 0.154, 0, -0.0682315, 0.0682315
0.4375, 0.155, 0, -0.0407405, 0.0407405
0.4375, 0.156, 0, -0.00871493, 0.00871493
0.4425, 0.125, 1.3918, 1.0329, 0.358898
0.4425, 0.126, 1.38391, 0.935857, 0.448056
0.4425, 0.127, 1.37642, 0.843044, 0.533376
0.4425, 0.128, 1.37615, 0.754463, 0.621689
0.4425, 0.129, 1.35348, 0.670112, 0.683369
0.4425, 0.13, 1.34381, 0.589992, 0.753819
0.4425, 0.131, 1.33432, 0.514103, 0.820214
0.4425, 0.132, 1.325, 0.442445, 0.882554
0.4425, 0.133, 1.31586, 0.375017, 0.940839
0.4425, 0.134, 0, 0.31182, -0.31182
0.4425, 0.135, 0, 0.252854, -0.252854
0.4425, 0.136, 0, 0.198118, -0.198118
0.4425, 0.137, 0, 0.147614, -0.147614
0.4425, 0.138, 0, 0.10134, -0.10134
0.4425, 0.139, 0, 0.0592967, -0.0592967
0.4425, 0.14, 0, 0.0214843, -0.0214843
0.4425, 0.141, 0, -0.0120973, 0.0120973
0.4425, 0.142, 0, -0.0414482, 0.0414482
0.4425, 0.143, 0, -0.0665683, 0.0665683
0.4425, 0.144, 0, -0.0874577, 0.0874577
0.4425, 0.145, 0, -0.104116, 0.104116
0.4425, 0.146, 0, -0.116544, 0.116544
0.4425, 0.147, 0, -0.124741, 0.124741
0.4425, 0.148, 0, -0.128708, 0.128708
0.4425, 0.149, 0, -0.128443, 0.128443
0.4425, 0.15, 0, -0.123948, 0.123948
0.4425, 0.151, 0, -0.115222, 0.115222
0.4425, 0.152, 0, -0.102265, 0.102265
0.4425, 0.153, 0, -0.0850779, 0.0850779
0.4425, 0.154, 0, -0.0636597, 0.0636597
0.4425, 0.155, 0, -0.0380107, 0.0380107
0.4425, 0.156, 0, -0.00813099, 0.00813099
0.4475, 0.125, 1.29183, 0.961437, 0.33039
0.4475, 0.126, 1.29005, 0.871108, 0.418947
0.4475, 0.127, 1.28825, 0.784718, 0.503536
0.4475, 0.128, 1.2774, 0.702265, 0.575135
0.4475, 0.129, 1.26677, 0.62375, 0.643023
0.4475, 0.13, 1.26006, 0.549173, 0.71089
0.4475, 0.131, 1.25311, 0.478534, 0.774578
0.4475, 0.132, 1.2423, 0.411834, 0.830465
0.4475, 0.133, 1.23939, 0.349071, 0.890322
0.4475, 0.134, 0, 0.290246, -0.290246
0.4475, 0.135, 0, 0.23536, -0.23536
0.4475, 0.136, 0, 0.184411, -0.184411
0.4475, 0.137, 0, 0.137401, -0.137401
0.4475, 0.138, 0, 0.0943285, -0.0943285
0.4475, 0.139, 0, 0.0551942, -0.0551942
0.4475, 0.14, 0, 0.0199979, -0.0199979
0.4475, 0.141, 0, -0.0112604, 0.0112604
0.4475, 0.142, 0, -0.0385806, 0.0385806
0.4475, 0.143, 0, -0.0619627, 0.0619627
0.4475, 0.144, 0, -0.0814068, 0.0814068
0.4475, 0.145, 0, -0.0969129, 0.0969129
0.4475, 0.146, 0, -0.108481, 0.108481
0.4475, 0.147, 0, -0.116111, 0.116111
0.4475, 0.148, 0, -0.119803, 0.119803
0.4475, 0.149, 0, -0.119557, 0.119557
0.4475, 0.15, 0, -0.115372, 0.115372
0.4475, 0.151, 0, -0.10725, 0.10725
0.4475, 0.152, 0, -0.09519, 0.09519
0.4475, 0.153, 0, -0.0791917, 0.0791917
0.4475, 0.154, 0, -0.0592553, 0.0592553
0.4475, 0.155, 0, -0.0353809, 0.0353809
0.4475, 0.156, 0, -0.00756844, 0.00756844
0.4525, 0.125, 1.20575, 0.892693, 0.313062
0.4525, 0.126, 1.19868, 0.808823, 0.389859
0.4525, 0.127, 1.1917, 0.728609, 0.463088
0.4525, 0.128, 1.18014, 0.652051, 0.528084
0.4525, 0.129, 1.17281, 0.579151, 0.593657
0.4525, 0.13, 1.17357, 0.509906, 0.663666
0.4525, 0.131, 1.1545, 0.444318, 0.710183
0.4525, 0.132, 1.1463, 0.382387, 0.763915
0.4525, 0.133, 1.13964, 0.324112, 0.815533
0.4525, 0.134, 0, 0.269493, -0.269493
0.4525, 0.135, 0, 0.218531, -0.218531
0.4525, 0.136, 0, 0.171226, -0.171226
0.4525, 0.137, 0, 0.127577, -0.127577
0.4525, 0.138, 0, 0.0875839, -0.0875839
0.4525, 0.139, 0, 0.0512477, -0.0512477
0.4525, 0.14, 0, 0.018568, -0.018568
0.4525, 0.141, 0, -0.0104552, 0.0104552
0.4525, 0.142, 0, -0.035822, 0.035822
0.4525, 0.143, 0, -0.0575323, 0.0575323
0.4525, 0.144, 0, -0.0755861, 0.0755861
0.4525, 0.145, 0, -0.0899834, 0.0899834
0.4525, 0.146, 0, -0.100724, 0.100724
0.4525, 0.147, 0, -0.107809, 0.107809
0.4525, 0.148, 0, -0.111237, 0.111237
0.4525, 0.149, 0, -0.111008, 0.111008
0.4525, 0.15, 0, -0.107123, 0.107123
0.4525, 0.151, 0, -0.0995817, 0.0995817
0.4525, 0.152, 0, -0.0883837, 0.0883837
0.4525, 0.153, 0, -0.0735293, 0.0735293
0.4525, 0.154, 0, -0.0550185, 0.0550185
0.4525, 0.155, 0, -0.0328511, 0.0328511
0.4525, 0.156, 0, -0.00702728, 0.00702728
0.4575, 0.125, 1.11462, 0.826666, 0.287956
0.4575, 0.126, 1.1101, 0.748999, 0.361099
0.4575, 0.127, 1.09366, 0.674718, 0.418942
0.4575, 0.128, 1.08745, 0.603823, 0.483628
0.4575, 0.129, 1.08353, 0.536315, 0.547212
0.4575, 0.13, 1.08445, 0.472192, 0.612257
0.4575, 0.131, 1.07083, 0.411455, 0.659375
0.4575, 0.132, 1.06959, 0.354104, 0.715481
0.4575, 0.133, 1.06222, 0.300139, 0.762084
0.4575, 0.134, 0, 0.249561, -0.249561
0.4575, 0.135, 0, 0.202368, -0.202368
0.4575, 0.136, 0, 0.158561, -0.158561
0.4575, 0.137, 0, 0.118141, -0.118141
0.4575, 0.138, 0, 0.0811059, -0.0811059
0.4575, 0.139, 0, 0.0474573, -0.0474573
0.4575, 0.14, 0, 0.0171947, -0.0171947
0.4575, 0.141, 0, -0.00968192, 0.00968192
0.4575, 0.142, 0, -0.0331725, 0.0331725
0.4575, 0.143, 0, -0.053277, 0.053277
0.4575, 0.144, 0, -0.0699955, 0.0699955
0.4575, 0.145, 0, -0.083328, 0.083328
0.4575, 0.146, 0, -0.0932744, 0.0932744
0.4575, 0.147, 0, -0.0998348, 0.0998348
0.4575, 0.148, 0, -0.103009, 0.103009
0.4575, 0.149, 0, -0.102798, 0.102798
0.4575, 0.15, 0, -0.0991999, 0.0991999
0.4575, 0.151, 0, -0.0922163, 0.0922163
0.4575, 0.152, 0, -0.0818466, 0.0818466
0.4575, 0.153, 0, -0.0680908, 0.0680908
0.4575, 0.154, 0, -0.0509491, 0.0509491
0.4575, 0.155, 0, -0.0304213, 0.0304213
0.4575, 0.156, 0, -0.00650752, 0.00650752
0.4625, 0.125, 1.02995, 0.763357, 0.266597
0.4625, 0.126, 1.0213, 0.691638, 0.329663
0.4625, 0.127, 1.01712, 0.623046, 0.39407
0.4625, 0.128, 1.00888, 0.557581, 0.451299
0.4625, 0.129, 1.00296, 0.495242, 0.507719
0.4625, 0.13, 0.995594, 0.43603, 0.559564
0.4625, 0.131, 0.988477, 0.379944, 0.608532
0.4625, 0.132, 0.987345, 0.326986, 0.660359
0.4625, 0.133, 0.98222, 0.277154, 0.705066
0.4625, 0.134, 0, 0.230448, -0.230448
0.4625, 0.135, 0, 0.18687, -0.18687
0.4625, 0.136, 0, 0.146418, -0.146418
0.4625, 0.137, 0, 0.109093, -0.109093
0.4625, 0.138, 0, 0.0748945, -0.0748945
0.4625, 0.139, 0, 0.0438228, -0.0438228
0.4625, 0.14, 0, 0.0158778, -0.0158778
0.4625, 0.141, 0, -0.00894044, 0.00894044
0.4625, 0.142, 0, -0.030632, 0.030632
0.4625, 0.143, 0, -0.0491969, 0.0491969
0.4625, 0.144, 0, -0.064635, 0.064635
0.4625, 0.145, 0, -0.0769464, 0.0769464
0.4625, 0.146, 0, -0.0861311, 0.0861311
0.4625, 0.147, 0, -0.0921891, 0.0921891
0.4625, 0.148, 0, -0.0951204, 0.0951204
0.4625, 0.149, 0, -0.094925, 0.094925
0.4625, 0.15, 0, -0.0916029, 0.0916029
0.4625, 0.151, 0, -0.085154, 0.085154
0.4625, 0.152, 0, -0.0755785, 0.0755785
0.4625, 0.153, 0, -0.0628762, 0.0628762
0.4625, 0.154, 0, -0.0470472, 0.0470472
0.4625, 0.155, 0, -0.0280916, 0.0280916
0.4625, 0.156, 0, -0.00600915, 0.00600915
0.4675, 0.125, 0.947921, 0.702766, 0.245155
0.4675, 0.126, 0.943276, 0.63674, 0.306536
0.4675, 0.127, 0.936857, 0.573592, 0.363265
0.4675, 0.128, 0.926526, 0.513323, 0.413203
0.4675, 0.129, 0.927582, 0.455932, 0.47165
0.4675, 0.13, 0.9108, 0.40142, 0.50938
0.4675, 0.131, 0.905118, 0.349786, 0.555332
0.4675, 0.132, 0.899854, 0.301031, 0.598823
0.4675, 0.133, 0.894904, 0.255155, 0.639749
0.4675, 0.134, 0, 0.212157, -0.212157
0.4675, 0.135, 0, 0.172037, -0.172037
0.4675, 0.136, 0, 0.134796, -0.134796
0.4675, 0.137, 0, 0.100434, -0.100434
0.4675, 0.138, 0, 0.0689498, -0.0689498
0.4675, 0.139, 0, 0.0403444, -0.0403444
0.4675, 0.14, 0, 0.0146175, -0.0146175
0.4675, 0.141, 0, -0.0082308, 0.0082308
0.4675, 0.142, 0, -0.0282006, 0.0282006
0.4675, 0.143, 0, -0.0452919, 0.0452919
0.4675, 0.144, 0, -0.0595046, 0.0595046
0.4675, 0.145, 0, -0.0708388, 0.0708388
0.4675, 0.146, 0, -0.0792945, 0.0792945
0.4675, 0.147, 0, -0.0848717, 0.0848717
0.4675, 0.148, 0, -0.0875703, 0.0875703
0.4675, 0.149, 0, -0.0873904, 0.0873904
0.4675, 0.15, 0, -0.084332, 0.084332
0.4675, 0.151, 0, -0.078395, 0.078395
0.4675, 0.152, 0, -0.0695795, 0.0695795
0.4675, 0.153, 0, -0.0578855, 0.0578855
0.4675, 0.154, 0, -0.0433129, 0.0433129
0.4675, 0.155, 0, -0.0258618, 0.0258618
0.4675, 0.156, 0, -0.00553218, 0.00553218
0.4725, 0.125, 0.87447, 0.644893, 0.229577
0.4725, 0.126, 0.870089, 0.584304, 0.285785
0.4725, 0.127, 0.863227, 0.526356, 0.33687
0.4725, 0.128, 0.856517, 0.47105, 0.385466
0.4725, 0.129, 0.849959, 0.418386, 0.431573
0.4725, 0.13, 0.843246, 0.368363, 0.474883
0.4725, 0.131, 0.83427, 0.320981, 0.513289
0.4725, 0.132, 0.842908, 0.276241, 0.566667
0.4725, 0.133, 0.826565, 0.234143, 0.592422
0.4725, 0.134, 0, 0.194685, -0.194685
0.4725, 0.135, 0, 0.15787, -0.15787
0.4725, 0.136, 0, 0.123696, -0.123696
0.4725, 0.137, 0, 0.0921629, -0.0921629
0.4725, 0.138, 0, 0.0632717, -0.0632717
0.4725, 0.139, 0, 0.037022, -0.037022
0.4725, 0.14, 0, 0.0134138, -0.0134138
0.4725, 0.141, 0, -0.00755299, 0.00755299
0.4725, 0.142, 0, -0.0258783, 0.0258783
0.4725, 0.143, 0, -0.0415621, 0.0415621
0.4725, 0.144, 0, -0.0546044, 0.0546044
0.4725, 0.145, 0, -0.0650052, 0.0650052
0.4725, 0.146, 0, -0.0727646, 0.0727646
0.4725, 0.147, 0, -0.0778824, 0.0778824
0.4725, 0.148, 0, -0.0803588, 0.0803588
0.4725, 0.149, 0, -0.0801937, 0.0801937
0.4725, 0.15, 0, -0.0773872, 0.0773872
0.4725, 0.151, 0, -0.0719391, 0.0719391
0.4725, 0.152, 0, -0.0638496, 0.0638496
0.4725, 0.153, 0, -0.0531185, 0.0531185
0.4725, 0.154, 0, -0.039746, 0.039746
0.4725, 0.155, 0, -0.0237321, 0.0237321
0.4725, 0.156, 0, -0.0050766, 0.0050766
0.4775, 0.125, 0.796948, 0.589737, 0.20721
0.4775, 0.126, 0.789506, 0.53433, 0.255176
0.4775, 0.127, 0.783362, 0.481339, 0.302023
0.4775, 0.128, 0.779389, 0.430763, 0.348626
0.4775, 0.129, 0.77538, 0.382603, 0.392777
0.4775, 0.13, 0.771074, 0.336858, 0.434216
0.4775, 0.131, 0.760745, 0.293529, 0.467217
0.4775, 0.132, 0.759694, 0.252615, 0.507079
0.4775, 0.133, 0.758415, 0.214117, 0.544298
0.4775, 0.134, 0, 0.178035, -0.178035
0.4775, 0.135, 0, 0.144368, -0.144368
0.4775, 0.136, 0, 0.113116, -0.113116
0.4775, 0.137, 0, 0.0842806, -0.0842806
0.4775, 0.138, 0, 0.0578603, -0.0578603
0.4775, 0.139, 0, 0.0338556, -0.0338556
0.4775, 0.14, 0, 0.0122665, -0.0122665
0.4775, 0.141, 0, -0.00690701, 0.00690701
0.4775, 0.142, 0, -0.023665, 0.023665
0.4775, 0.143, 0, -0.0380074, 0.0380074
0.4775, 0.144, 0, -0.0499343, 0.0499343
0.4775, 0.145, 0, -0.0594455, 0.0594455
0.4775, 0.146, 0, -0.0665413, 0.0665413
0.4775, 0.147, 0, -0.0712214, 0.0712214
0.4775, 0.148, 0, -0.073486, 0.073486
0.4775, 0.149, 0, -0.073335, 0.073335
0.4775, 0.15, 0, -0.0707685, 0.0707685
0.4775, 0.151, 0, -0.0657864, 0.0657864
0.4775, 0.152, 0, -0.0583887, 0.0583887
0.4775, 0.153, 0, -0.0485755, 0.0485755
0.4775, 0.154, 0, -0.0363467, 0.0363467
0.4775, 0.155, 0, -0.0217023, 0.0217023
0.4775, 0.156, 0, -0.00464241, 0.00464241
0.4825, 0.125, 0.723177, 0.5373, 0.185877
0.4825, 0.126, 0.722263, 0.486819, 0.235444
0.4825, 0.127, 0.716619, 0.43854, 0.278079
0.4825, 0.128, 0.7041, 0.392461, 0.311639
0.4825, 0.129, 0.699866, 0.348583, 0.351283
0.4825, 0.13, 0.705352, 0.306906, 0.398446
0.4825, 0.131, 0.691373, 0.267429, 0.423944
0.4825, 0.132, 0.687556, 0.230153, 0.457403
0.4825, 0.133, 0.689558, 0.195079, 0.49448
0.4825, 0.134, 0, 0.162204, -0.162204
0.4825, 0.135, 0, 0.131531, -0.131531
0.4825, 0.136, 0, 0.103058, -0.103058
0.4825, 0.137, 0, 0.0767866, -0.0767866
0.4825, 0.138, 0, 0.0527156, -0.0527156
0.4825, 0.139, 0, 0.0308453, -0.0308453
0.4825, 0.14, 0, 0.0111758, -0.0111758
0.4825, 0.141, 0, -0.00629285, 0.00629285
0.4825, 0.142, 0, -0.0215608, 0.0215608
0.4825, 0.143, 0, -0.0346279, 0.0346279
0.4825, 0.144, 0, -0.0454942, 0.0454942
0.4825, 0.145, 0, -0.0541598, 0.0541598
0.4825, 0.146, 0, -0.0606246, 0.0606246
0.4825, 0.147, 0, -0.0648886, 0.0648886
0.4825, 0.148, 0, -0.0669519, 0.0669519
0.4825, 0.149, 0, -0.0668143, 0.0668143
0.4825, 0.15, 0, -0.064476, 0.064476
0.4825, 0.151, 0, -0.0599369, 0.0599369
0.4825, 0.152, 0, -0.053197, 0.053197
0.4825, 0.153, 0, -0.0442563, 0.0442563
0.4825, 0.154, 0, -0.0331149, 0.0331149
0.4825, 0.155, 0, -0.0197726, 0.0197726
0.4825, 0.156, 0, -0.00422962, 0.00422962
0.4875, 0.125, 0.662496, 0.48758, 0.174916
0.4875, 0.126, 0.656507, 0.441771, 0.214737
0.4875, 0.127, 0.644675, 0.397959, 0.246716
0.4875, 0.128, 0.64208, 0.356144, 0.285936
0.4875, 0.129, 0.640681, 0.316326, 0.324355
0.4875, 0.13, 0.634734, 0.278506, 0.356229
0.4875, 0.131, 0.63116, 0.242682, 0.388478
0.4875, 0.132, 0.627866, 0.208856, 0.41901
0.4875, 0.133, 0.624555, 0.177027, 0.447528
0.4875, 0.134, 0, 0.147195, -0.147195
0.4875, 0.135, 0, 0.11936, -0.11936
0.4875, 0.136, 0, 0.0935217, -0.0935217
0.4875, 0.137, 0, 0.069681, -0.069681
0.4875, 0.138, 0, 0.0478374, -0.0478374
0.4875, 0.139, 0, 0.027991, -0.027991
0.4875, 0.14, 0, 0.0101417, -0.0101417
0.4875, 0.141, 0, -0.00571054, 0.00571054
0.4875, 0.142, 0, -0.0195656, 0.0195656
0.4875, 0.143, 0, -0.0314235, 0.0314235
0.4875, 0.144, 0, -0.0412844, 0.0412844
0.4875, 0.145, 0, -0.0491481, 0.0491481
0.4875, 0.146, 0, -0.0550146, 0.0550146
0.4875, 0.147, 0, -0.058884, 0.058884
0.4875, 0.148, 0, -0.0607564, 0.0607564
0.4875, 0.149, 0, -0.0606315, 0.0606315
0.4875, 0.15, 0, -0.0585096, 0.0585096
0.4875, 0.151, 0, -0.0543905, 0.0543905
0.4875, 0.152, 0, -0.0482743, 0.0482743
0.4875, 0.153, 0, -0.040161, 0.040161
0.4875, 0.154, 0, -0.0300505, 0.0300505
0.4875, 0.155, 0, -0.0179429, 0.0179429
0.4875, 0.156, 0, -0.00383823, 0.00383823
0.4925, 0.125, 0.594209, 0.440578, 0.153631
0.4925, 0.126, 0.589172, 0.399185, 0.189987
0.4925, 0.127, 0.584793, 0.359596, 0.225197
0.4925, 0.128, 0.583691, 0.321812, 0.261879
0.4925, 0.129, 0.580668, 0.285833, 0.294835
0.4925, 0.13, 0.57749, 0.251658, 0.325832
0.4925, 0.131, 0.566451, 0.219288, 0.347163
0.4925, 0.132, 0.570658, 0.188722, 0.381936
0.4925, 0.133, 0.568337, 0.159961, 0.408375
0.4925, 0.134, 0, 0.133005, -0.133005
0.4925, 0.135, 0, 0.107853, -0.107853
0.4925, 0.136, 0, 0.0845063, -0.0845063
0.4925, 0.137, 0, 0.0629639, -0.0629639
0.4925, 0.138, 0, 0.043226, -0.043226
0.4925, 0.139, 0, 0.0252927, -0.0252927
0.4925, 0.14, 0, 0.00916402, -0.00916402
0.4925, 0.141, 0, -0.00516005, 0.00516005
0.4925, 0.142, 0, -0.0176795, 0.0176795
0.4925, 0.143, 0, -0.0283944, 0.0283944
0.4925, 0.144, 0, -0.0373046, 0.0373046
0.4925, 0.145, 0, -0.0444102, 0.0444102
0.4925, 0.146, 0, -0.0497113, 0.0497113
0.4925, 0.147, 0, -0.0532077, 0.0532077
0.4925, 0.148, 0, -0.0548995, 0.0548995
0.4925, 0.149, 0, -0.0547867, 0.0547867
0.4925, 0.15, 0, -0.0528693, 0.0528693
0.4925, 0.151, 0, -0.0491473, 0.0491473
0.4925, 0.152, 0, -0.0436207, 0.0436207
0.4925, 0.153, 0, -0.0362895, 0.0362895
0.4925, 0.154, 0, -0.0271537, 0.0271537
0.4925, 0.155, 0, -0.0162133, 0.0162133
0.4925, 0.156, 0, -0.00346823, 0.00346823
0.4975, 0.125, 0.537215, 0.396293, 0.140921
0.4975, 0.126, 0.534544, 0.359061, 0.175483
0.4975, 0.127, 0.531846, 0.323452, 0.208394
0.4975, 0.128, 0.527721, 0.289465, 0.238255
0.4975, 0.129, 0.523699, 0.257103, 0.266596
0.4975, 0.13, 0.523588, 0.226363, 0.297225
0.4975, 0.131, 0.51574, 0.197246, 0.318494
0.4975, 0.132, 0.511642, 0.169753, 0.341889
0.4975, 0.133, 0.505694, 0.143883, 0.361811
0.4975, 0.134, 0, 0.119636, -0.119636
0.4975, 0.135, 0, 0.0970126, -0.0970126
0.4975, 0.136, 0, 0.0760123, -0.0760123
0.4975, 0.137, 0, 0.0566351, -0.0566351
0.4975, 0.138, 0, 0.0388811, -0.0388811
0.4975, 0.139, 0, 0.0227504, -0.0227504
0.4975, 0.14, 0, 0.0082429, -0.0082429
0.4975, 0.141, 0, -0.00464139, 0.00464139
0.4975, 0.142, 0, -0.0159025, 0.0159025
0.4975, 0.143, 0, -0.0255403, 0.0255403
0.4975, 0.144, 0, -0.033555, 0.033555
0.4975, 0.145, 0, -0.0399464, 0.0399464
0.4975, 0.146, 0, -0.0447146, 0.0447146
0.4975, 0.147, 0, -0.0478596, 0.0478596
0.4975, 0.148, 0, -0.0493813, 0.0493813
0.4975, 0.149, 0, -0.0492799, 0.0492799
0.4975, 0.15, 0, -0.0475552, 0.0475552
0.4975, 0.151, 0, -0.0442073, 0.0442073
0.4975, 0.152, 0, -0.0392362, 0.0392362
0.4975, 0.153, 0, -0.0326419, 0.0326419
0.4975, 0.154, 0, -0.0244244, 0.0244244
0.4975, 0.155, 0, -0.0145836, 0.0145836
0.4975, 0.156, 0, -0.00311962, 0.00311962