0.4375, 0.125, 3.67538, 2.74463, 0.930749
0.4375, 0.126, 3.65758, 2.48677, 1.17081
0.4375, 0.127, 3.63958, 2.24015, 1.39944
0.4375, 0.128, 3.6214, 2.00477, 1.61663
0.4375, 0.129, 3.60303, 1.78063, 1.8224
0.4375, 0.13, 3.58448, 1.56773, 2.01675
0.4375, 0.131, 3.56578, 1.36608, 2.1997
0.4375, 0.132, 3.54691, 1.17567, 2.37124
0.4375, 0.133, 3.5279, 0.996499, 2.5314
0.4375, 0.134, 0, 0.828571, -0.828571
0.4375, 0.135, 0, 0.671886, -0.671886
0.4375, 0.136, 0, 0.526442, -0.526442
0.4375, 0.137, 0, 0.392241, -0.392241
0.4375, 0.138, 0, 0.269281, -0.269281
0.4375, 0.139, 0, 0.157564, -0.157564
0.4375, 0.14, 0, 0.0570883, -0.0570883
0.4375, 0.141, 0, -0.0321451, 0.0321451
0.4375, 0.142, 0, -0.110137, 0.110137
0.4375, 0.143, 0, -0.176886, 0.176886
0.4375, 0.144, 0, -0.232393, 0.232393
0.4375, 0.145, 0, -0.276659, 0.276659
0.4375, 0.146, 0, -0.309682, 0.309682
0.4375, 0.147, 0, -0.331464, 0.331464
0.4375, 0.148, 0, -0.342003, 0.342003
0.4375, 0.149, 0, -0.3413, 0.3413
0.4375, 0.15, 0, -0.329356, 0.329356
0.4375, 0.151, 0, -0.306169, 0.306169
0.4375, 0.152, 0, -0.271741, 0.271741
0.4375, 0.153, 0, -0.22607, 0.22607
0.4375, 0.154, 0, -0.169157, 0.169157
0.4375, 0.155, 0, -0.101002, 0.101002
0.4375, 0.156, 0, -0.0216057, 0.0216057
0.4425, 0.125, 3.67508, 2.74442, 0.930664
0.4425, 0.126, 3.65725, 2.48657, 1.17068
0.4425, 0.127, 3.63923, 2.23997, 1.39926
0.4425, 0.128, 3.62101, 2.00461, 1.6164
0.4425, 0.129, 3.60262, 1.78049, 1.82213
0.4425, 0.13, 3.58405, 1.56761, 2.01644
0.4425, 0.131, 3.56532, 1.36597, 2.19935
0.4425, 0.132, 3.54644, 1.17558, 2.37086
0.4425, 0.133, 3.52741, 0.996421, 2.53099
0.4425, 0.134, 0, 0.828506, -0.828506
0.4425, 0.135, 0, 0.671833, -0.671833
0.4425, 0.136, 0, 0.526401, -0.526401
0.4425, 0.137, 0, 0.39221, -0.39221
0.4425, 0.138, 0, 0.26926, -0.26926
0.4425, 0.139, 0, 0.157551, -0.157551
0.4425, 0.14, 0, 0.0570839, -0.0570839
0.4425, 0.141, 0, -0.0321426, 0.0321426
0.4425, 0.142, 0, -0.110128, 0.110128
0.4425, 0.143, 0, -0.176872, 0.176872
0.4425, 0.144, 0, -0.232375, 0.232375
0.4425, 0.145, 0, -0.276637, 0.276637
0.4425, 0.146, 0, -0.309658, 0.309658
0.4425, 0.147, 0, -0.331438, 0.331438
0.4425, 0.148, 0, -0.341976, 0.341976
0.4425, 0.149, 0, -0.341274, 0.341274
0.4425, 0.15, 0, -0.32933, 0.32933
0.4425, 0.151, 0, -0.306145, 0.306145
0.4425, 0.152, 0, -0.271719, 0.271719
0.4425, 0.153, 0, -0.226052, 0.226052
0.4425, 0.154, 0, -0.169144, 0.169144
0.4425, 0.155, 0, -0.100995, 0.100995
0.4425, 0.156, 0, -0.021604, 0.021604
0.4475, 0.125, 3.67453, 2.74401, 0.930521
0.4475, 0.126, 3.65667, 2.48621, 1.17047
0.4475, 0.127, 3.63862, 2.23964, 1.39898
0.4475, 0.128, 3.62038, 2.00431, 1.61607
0.4475, 0.129, 3.60196, 1.78023, 1.82173
0.4475, 0.13, 3.58337, 1.56738, 2.01599
0.4475, 0.131, 3.56462, 1.36577, 2.19885
0.4475, 0.132, 3.54571, 1.1754, 2.37031
0.4475, 0.133, 3.52666, 0.996274, 2.53039
0.4475, 0.134, 0, 0.828384, -0.828384
0.4475, 0.135, 0, 0.671734, -0.671734
0.4475, 0.136, 0, 0.526323, -0.526323
0.4475, 0.137, 0, 0.392152, -0.392152
0.4475, 0.138, 0, 0.26922, -0.26922
0.4475, 0.139, 0, 0.157528, -0.157528
0.4475, 0.14, 0, 0.0570754, -0.0570754
0.4475, 0.141, 0, -0.0321379, 0.0321379
0.4475, 0.142, 0, -0.110112, 0.110112
0.4475, 0.143, 0, -0.176846, 0.176846
0.4475, 0.144, 0, -0.232341, 0.232341
0.4475, 0.145, 0, -0.276596, 0.276596
0.4475, 0.146, 0, -0.309612, 0.309612
0.4475, 0.147, 0, -0.331389, 0.331389
0.4475, 0.148, 0, -0.341926, 0.341926
0.4475, 0.149, 0, -0.341223, 0.341223
0.4475, 0.15, 0, -0.329281, 0.329281
0.4475, 0.151, 0, -0.3061, 0.3061
0.4475, 0.152, 0, -0.271679, 0.271679
0.4475, 0.153, 0, -0.226019, 0.226019
0.4475, 0.154, 0, -0.169119, 0.169119
0.4475, 0.155, 0, -0.10098, 0.10098
0.4475, 0.156, 0, -0.0216009, 0.0216009
0.4525, 0.125, 3.67373, 2.74342, 0.930316
0.4525, 0.126, 3.65585, 2.48567, 1.17018
0.4525, 0.127, 3.63776, 2.23916, 1.39861
0.4525, 0.128, 3.6195, 2.00388, 1.61562
0.4525, 0.129, 3.60105, 1.77984, 1.82121
0.4525, 0.13, 3.58244, 1.56704, 2.0154
0.4525, 0.131, 3.56366, 1.36548, 2.19819
0.4525, 0.132, 3.54474, 1.17515, 2.36959
0.4525, 0.133, 3.52567, 0.996058, 2.52961
0.4525, 0.134, 0, 0.828205, -0.828205
0.4525, 0.135, 0, 0.671589, -0.671589
0.4525, 0.136, 0, 0.526209, -0.526209
0.4525, 0.137, 0, 0.392067, -0.392067
0.4525, 0.138, 0, 0.269162, -0.269162
0.4525, 0.139, 0, 0.157494, -0.157494
0.4525, 0.14, 0, 0.0570631, -0.0570631
0.4525, 0.141, 0, -0.0321309, 0.0321309
0.4525, 0.142, 0, -0.110088, 0.110088
0.4525, 0.143, 0, -0.176808, 0.176808
0.4525, 0.144, 0, -0.232291, 0.232291
0.4525, 0.145, 0, -0.276536, 0.276536
0.4525, 0.146, 0, -0.309545, 0.309545
0.4525, 0.147, 0, -0.331317, 0.331317
0.4525, 0.148, 0, -0.341852, 0.341852
0.4525, 0.149, 0, -0.341149, 0.341149
0.4525, 0.15, 0, -0.32921, 0.32921
0.4525, 0.151, 0, -0.306034, 0.306034
0.4525, 0.152, 0, -0.27162, 0.27162
0.4525, 0.153, 0, -0.22597, 0.22597
0.4525, 0.154, 0, -0.169082, 0.169082
0.4525, 0.155, 0, -0.100958, 0.100958
0.4525, 0.156, 0, -0.0215962, 0.0215962
0.4575, 0.125, 3.67269, 2.74264, 0.93005
0.4575, 0.126, 3.65477, 2.48496, 1.16981
0.4575, 0.127, 3.63666, 2.23852, 1.39814
0.4575, 0.128, 3.61836, 2.00331, 1.61505
0.4575, 0.129, 3.59989, 1.77933, 1.82056
0.4575, 0.13, 3.58125, 1.56659, 2.01466
0.4575, 0.131, 3.56246, 1.36509, 2.19737
0.4575, 0.132, 3.54351, 1.17481, 2.3687
0.4575, 0.133, 3.52442, 0.995774, 2.52865
0.4575, 0.134, 0, 0.827969, -0.827969
0.4575, 0.135, 0, 0.671397, -0.671397
0.4575, 0.136, 0, 0.526059, -0.526059
0.4575, 0.137, 0, 0.391956, -0.391956
0.4575, 0.138, 0, 0.269085, -0.269085
0.4575, 0.139, 0, 0.157449, -0.157449
0.4575, 0.14, 0, 0.0570468, -0.0570468
0.4575, 0.141, 0, -0.0321217, 0.0321217
0.4575, 0.142, 0, -0.110056, 0.110056
0.4575, 0.143, 0, -0.176757, 0.176757
0.4575, 0.144, 0, -0.232224, 0.232224
0.4575, 0.145, 0, -0.276458, 0.276458
0.4575, 0.146, 0, -0.309457, 0.309457
0.4575, 0.147, 0, -0.331223, 0.331223
0.4575, 0.148, 0, -0.341754, 0.341754
0.4575, 0.149, 0, -0.341052, 0.341052
0.4575, 0.15, 0, -0.329116, 0.329116
0.4575, 0.151, 0, -0.305946, 0.305946
0.4575, 0.152, 0, -0.271543, 0.271543
0.4575, 0.153, 0, -0.225905, 0.225905
0.4575, 0.154, 0, -0.169034, 0.169034
0.4575, 0.155, 0, -0.100929, 0.100929
0.4575, 0.156, 0, -0.02159, 0.02159
0.4625, 0.125, 3.67139, 2.74166, 0.929721
0.4625, 0.126, 3.65344, 2.48408, 1.16936
0.4625, 0.127, 3.6353, 2.23772, 1.39757
0.4625, 0.128, 3.61697, 2.0026, 1.61437
0.4625, 0.129, 3.59848, 1.7787, 1.81977
0.4625, 0.13, 3.57981, 1.56604, 2.01378
0.4625, 0.131, 3.56099, 1.3646, 2.19639
0.4625, 0.132, 3.54203, 1.1744, 2.36763
0.4625, 0.133, 3.52292, 0.995422, 2.5275
0.4625, 0.134, 0, 0.827676, -0.827676
0.4625, 0.135, 0, 0.671159, -0.671159
0.4625, 0.136, 0, 0.525873, -0.525873
0.4625, 0.137, 0, 0.391817, -0.391817
0.4625, 0.138, 0, 0.26899, -0.26899
0.4625, 0.139, 0, 0.157393, -0.157393
0.4625, 0.14, 0, 0.0570266, -0.0570266
0.4625, 0.141, 0, -0.0321104, 0.0321104
0.4625, 0.142, 0, -0.110018, 0.110018
0.4625, 0.143, 0, -0.176695, 0.176695
0.4625, 0.144, 0, -0.232142, 0.232142
0.4625, 0.145, 0, -0.27636, 0.27636
0.4625, 0.146, 0, -0.309347, 0.309347
0.4625, 0.147, 0, -0.331105, 0.331105
0.4625, 0.148, 0, -0.341633, 0.341633
0.4625, 0.149, 0, -0.340931, 0.340931
0.4625, 0.15, 0, -0.329, 0.329
0.4625, 0.151, 0, -0.305838, 0.305838
0.4625, 0.152, 0, -0.271447, 0.271447
0.4625, 0.153, 0, -0.225825, 0.225825
0.4625, 0.154, 0, -0.168974, 0.168974
0.4625, 0.155, 0, -0.100893, 0.100893
0.4625, 0.156, 0, -0.0215824, 0.0215824
0.4675, 0.125, 3.66983, 2.7405, 0.929329
0.4675, 0.126, 3.65185, 2.48303, 1.16882
0.4675, 0.127, 3.63368, 2.23678, 1.3969
0.4675, 0.128, 3.61533, 2.00175, 1.61358
0.4675, 0.129, 3.59681, 1.77795, 1.81886
0.4675, 0.13, 3.57812, 1.56538, 2.01275
0.4675, 0.131, 3.55928, 1.36403, 2.19525
0.4675, 0.132, 3.54029, 1.1739, 2.36639
0.4675, 0.133, 3.52116, 0.995, 2.52616
0.4675, 0.134, 0, 0.827325, -0.827325
0.4675, 0.135, 0, 0.670876, -0.670876
0.4675, 0.136, 0, 0.525651, -0.525651
0.4675, 0.137, 0, 0.391651, -0.391651
0.4675, 0.138, 0, 0.268876, -0.268876
0.4675, 0.139, 0, 0.157327, -0.157327
0.4675, 0.14, 0, 0.0570025, -0.0570025
0.4675, 0.141, 0, -0.0320968, 0.0320968
0.4675, 0.142, 0, -0.109971, 0.109971
0.4675, 0.143, 0, -0.17662, 0.17662
0.4675, 0.144, 0, -0.232044, 0.232044
0.4675, 0.145, 0, -0.276243, 0.276243
0.4675, 0.146, 0, -0.309217, 0.309217
0.4675, 0.147, 0, -0.330965, 0.330965
0.4675, 0.148, 0, -0.341489, 0.341489
0.4675, 0.149, 0, -0.340787, 0.340787
0.4675, 0.15, 0, -0.328861, 0.328861
0.4675, 0.151, 0, -0.305709, 0.305709
0.4675, 0.152, 0, -0.271332, 0.271332
0.4675, 0.153, 0, -0.22573, 0.22573
0.4675, 0.154, 0, -0.168903, 0.168903
0.4675, 0.155, 0, -0.100851, 0.100851
0.4675, 0.156, 0, -0.0215733, 0.0215733
0.4725, 0.125, 3.66803, 2.73916, 0.928872
0.4725, 0.126, 3.65002, 2.48181, 1.16821
0.4725, 0.127, 3.63182, 2.23568, 1.39614
0.4725, 0.128, 3.61344, 2.00077, 1.61267
0.4725, 0.129, 3.59489, 1.77708, 1.81781
0.4725, 0.13, 3.57617, 1.56461, 2.01157
0.4725, 0.131, 3.55731, 1.36335, 2.19395
0.4725, 0.132, 3.53829, 1.17332, 2.36497
0.4725, 0.133, 3.51914, 0.994511, 2.52463
0.4725, 0.134, 0, 0.826918, -0.826918
0.4725, 0.135, 0, 0.670545, -0.670545
0.4725, 0.136, 0, 0.525392, -0.525392
0.4725, 0.137, 0, 0.391458, -0.391458
0.4725, 0.138, 0, 0.268744, -0.268744
0.4725, 0.139, 0, 0.157249, -0.157249
0.4725, 0.14, 0, 0.0569744, -0.0569744
0.4725, 0.141, 0, -0.032081, 0.032081
0.4725, 0.142, 0, -0.109917, 0.109917
0.4725, 0.143, 0, -0.176533, 0.176533
0.4725, 0.144, 0, -0.23193, 0.23193
0.4725, 0.145, 0, -0.276107, 0.276107
0.4725, 0.146, 0, -0.309064, 0.309064
0.4725, 0.147, 0, -0.330802, 0.330802
0.4725, 0.148, 0, -0.341321, 0.341321
0.4725, 0.149, 0, -0.34062, 0.34062
0.4725, 0.15, 0, -0.328699, 0.328699
0.4725, 0.151, 0, -0.305558, 0.305558
0.4725, 0.152, 0, -0.271198, 0.271198
0.4725, 0.153, 0, -0.225619, 0.225619
0.4725, 0.154, 0, -0.16882, 0.16882
0.4725, 0.155, 0, -0.100801, 0.100801
0.4725, 0.156, 0, -0.0215626, 0.0215626
0.4775, 0.125, 3.66597, 2.73762, 0.928351
0.4775, 0.126, 3.64793, 2.48041, 1.16751
0.4775, 0.127, 3.6297, 2.23442, 1.39527
0.4775, 0.128, 3.61129, 1.99964, 1.61164
0.4775, 0.129, 3.59271, 1.77608, 1.81663
0.4775, 0.13, 3.57397, 1.56373, 2.01024
0.4775, 0.131, 3.55508, 1.36259, 2.19249
0.4775, 0.132, 3.53605, 1.17266, 2.36338
0.4775, 0.133, 3.51687, 0.993953, 2.52292
0.4775, 0.134, 0, 0.826454, -0.826454
0.4775, 0.135, 0, 0.670169, -0.670169
0.4775, 0.136, 0, 0.525097, -0.525097
0.4775, 0.137, 0, 0.391239, -0.391239
0.4775, 0.138, 0, 0.268593, -0.268593
0.4775, 0.139, 0, 0.157161, -0.157161
0.4775, 0.14, 0, 0.0569425, -0.0569425
0.4775, 0.141, 0, -0.032063, 0.032063
0.4775, 0.142, 0, -0.109855, 0.109855
0.4775, 0.143, 0, -0.176434, 0.176434
0.4775, 0.144, 0, -0.2318, 0.2318
0.4775, 0.145, 0, -0.275952, 0.275952
0.4775, 0.146, 0, -0.308891, 0.308891
0.4775, 0.147, 0, -0.330617, 0.330617
0.4775, 0.148, 0, -0.341129, 0.341129
0.4775, 0.149, 0, -0.340428, 0.340428
0.4775, 0.15, 0, -0.328514, 0.328514
0.4775, 0.151, 0, -0.305387, 0.305387
0.4775, 0.152, 0, -0.271046, 0.271046
0.4775, 0.153, 0, -0.225492, 0.225492
0.4775, 0.154, 0, -0.168725, 0.168725
0.4775, 0.155, 0, -0.100744, 0.100744
0.4775, 0.156, 0, -0.0215505, 0.0215505
0.4825, 0.125, 3.66366, 2.73589, 0.927766
0.4825, 0.126, 3.64558, 2.47885, 1.16673
0.4825, 0.127, 3.62732, 2.23301, 1.39431
0.4825, 0.128, 3.60888, 1.99838, 1.6105
0.4825, 0.129, 3.59028, 1.77496, 1.81532
0.4825, 0.13, 3.57151, 1.56274, 2.00877
0.4825, 0.131, 3.5526, 1.36173, 2.19087
0.4825, 0.132, 3.53354, 1.17193, 2.36161
0.4825, 0.133, 3.51435, 0.993326, 2.52102
0.4825, 0.134, 0, 0.825933, -0.825933
0.4825, 0.135, 0, 0.669746, -0.669746
0.4825, 0.136, 0, 0.524766, -0.524766
0.4825, 0.137, 0, 0.390992, -0.390992
0.4825, 0.138, 0, 0.268424, -0.268424
0.4825, 0.139, 0, 0.157062, -0.157062
0.4825, 0.14, 0, 0.0569066, -0.0569066
0.4825, 0.141, 0, -0.0320428, 0.0320428
0.4825, 0.142, 0, -0.109786, 0.109786
0.4825, 0.143, 0, -0.176323, 0.176323
0.4825, 0.144, 0, -0.231653, 0.231653
0.4825, 0.145, 0, -0.275778, 0.275778
0.4825, 0.146, 0, -0.308696, 0.308696
0.4825, 0.147, 0, -0.330408, 0.330408
0.4825, 0.148, 0, -0.340914, 0.340914
0.4825, 0.149, 0, -0.340214, 0.340214
0.4825, 0.15, 0, -0.328307, 0.328307
0.4825, 0.151, 0, -0.305194, 0.305194
0.4825, 0.152, 0, -0.270875, 0.270875
0.4825, 0.153, 0, -0.22535, 0.22535
0.4825, 0.154, 0, -0.168619, 0.168619
0.4825, 0.155, 0, -0.100681, 0.100681
0.4825, 0.156, 0, -0.0215369, 0.0215369
0.4875, 0.125, 3.66109, 2.73398, 0.927115
0.4875, 0.126, 3.64298, 2.47711, 1.16587
0.4875, 0.127, 3.62469, 2.23145, 1.39324
0.4875, 0.128, 3.60622, 1.99698, 1.60924
0.4875, 0.129, 3.58759, 1.77372, 1.81387
0.4875, 0.13, 3.5688, 1.56165, 2.00715
0.4875, 0.131, 3.54986, 1.36078, 2.18908
0.4875, 0.132, 3.53078, 1.1711, 2.35967
0.4875, 0.133, 3.51157, 0.992631, 2.51893
0.4875, 0.134, 0, 0.825355, -0.825355
0.4875, 0.135, 0, 0.669278, -0.669278
0.4875, 0.136, 0, 0.524399, -0.524399
0.4875, 0.137, 0, 0.390718, -0.390718
0.4875, 0.138, 0, 0.268236, -0.268236
0.4875, 0.139, 0, 0.156952, -0.156952
0.4875, 0.14, 0, 0.0568667, -0.0568667
0.4875, 0.141, 0, -0.0320203, 0.0320203
0.4875, 0.142, 0, -0.109709, 0.109709
0.4875, 0.143, 0, -0.176199, 0.176199
0.4875, 0.144, 0, -0.231491, 0.231491
0.4875, 0.145, 0, -0.275585, 0.275585
0.4875, 0.146, 0, -0.30848, 0.30848
0.4875, 0.147, 0, -0.330177, 0.330177
0.4875, 0.148, 0, -0.340675, 0.340675
0.4875, 0.149, 0, -0.339976, 0.339976
0.4875, 0.15, 0, -0.328077, 0.328077
0.4875, 0.151, 0, -0.304981, 0.304981
0.4875, 0.152, 0, -0.270686, 0.270686
0.4875, 0.153, 0, -0.225192, 0.225192
0.4875, 0.154, 0, -0.168501, 0.168501
0.4875, 0.155, 0, -0.10061, 0.10061
0.4875, 0.156, 0, -0.0215219, 0.0215219
0.4925, 0.125, 3.65827, 2.73187, 0.9264
0.4925, 0.126, 3.64013, 2.47521, 1.16492
0.4925, 0.127, 3.62181, 2.22973, 1.39208
0.4925, 0.128, 3.60331, 1.99545, 1.60786
0.4925, 0.129, 3.58465, 1.77235, 1.8123
0.4925, 0.13, 3.56583, 1.56045, 2.00539
0.4925, 0.131, 3.54687, 1.35973, 2.18714
0.4925, 0.132, 3.52776, 1.1702, 2.35756
0.4925, 0.133, 3.50853, 0.991867, 2.51666
0.4925, 0.134, 0, 0.82472, -0.82472
0.4925, 0.135, 0, 0.668763, -0.668763
0.4925, 0.136, 0, 0.523995, -0.523995
0.4925, 0.137, 0, 0.390418, -0.390418
0.4925, 0.138, 0, 0.26803, -0.26803
0.4925, 0.139, 0, 0.156831, -0.156831
0.4925, 0.14, 0, 0.056823, -0.056823
0.4925, 0.141, 0, -0.0319957, 0.0319957
0.4925, 0.142, 0, -0.109625, 0.109625
0.4925, 0.143, 0, -0.176064, 0.176064
0.4925, 0.144, 0, -0.231313, 0.231313
0.4925, 0.145, 0, -0.275373, 0.275373
0.4925, 0.146, 0, -0.308243, 0.308243
0.4925, 0.147, 0, -0.329923, 0.329923
0.4925, 0.148, 0, -0.340413, 0.340413
0.4925, 0.149, 0, -0.339714, 0.339714
0.4925, 0.15, 0, -0.327825, 0.327825
0.4925, 0.151, 0, -0.304746, 0.304746
0.4925, 0.152, 0, -0.270477, 0.270477
0.4925, 0.153, 0, -0.225019, 0.225019
0.4925, 0.154, 0, -0.168371, 0.168371
0.4925, 0.155, 0, -0.100533, 0.100533
0.4925, 0.156, 0, -0.0215053, 0.0215053
0.4975, 0.125, 3.6552, 2.72958, 0.925621
0.4975, 0.126, 3.63703, 2.47313, 1.1639
0.4975, 0.127, 3.61867, 2.22786, 1.39081
0.4975, 0.128, 3.60014, 1.99377, 1.60637
0.4975, 0.129, 3.58145, 1.77087, 1.81059
0.4975, 0.13, 3.56261, 1.55914, 2.00347
0.4975, 0.131, 3.54362, 1.35859, 2.18503
0.4975, 0.132, 3.52449, 1.16922, 2.35527
0.4975, 0.133, 3.50523, 0.991035, 2.5142
0.4975, 0.134, 0, 0.824028, -0.824028
0.4975, 0.135, 0, 0.668202, -0.668202
0.4975, 0.136, 0, 0.523556, -0.523556
0.4975, 0.137, 0, 0.39009, -0.39009
0.4975, 0.138, 0, 0.267805, -0.267805
0.4975, 0.139, 0, 0.1567, -0.1567
0.4975, 0.14, 0, 0.0567753, -0.0567753
0.4975, 0.141, 0, -0.0319689, 0.0319689
0.4975, 0.142, 0, -0.109533, 0.109533
0.4975, 0.143, 0, -0.175916, 0.175916
0.4975, 0.144, 0, -0.231119, 0.231119
0.4975, 0.145, 0, -0.275142, 0.275142
0.4975, 0.146, 0, -0.307984, 0.307984
0.4975, 0.147, 0, -0.329646, 0.329646
0.4975, 0.148, 0, -0.340128, 0.340128
0.4975, 0.149, 0, -0.339429, 0.339429
0.4975, 0.15, 0, -0.32755, 0.32755
0.4975, 0.151, 0, -0.30449, 0.30449
0.4975, 0.152, 0, -0.27025, 0.27025
0.4975, 0.153, 0, -0.22483, 0.22483
0.4975, 0.154, 0, -0.16823, 0.16823
0.4975, 0.155, 0, -0.100449, 0.100449
0.4975, 0.156, 0, -0.0214873, 0.0214873